0.0
0.0
0.0
0.0
0.0
0.0
0.0
0.0
0.0
0.0
0.0
0.0
0.0
0.0
0.0
0.0
0.0
0.0
0.0
0.0
0.0
0.0
0.0
0.0
0.0
0.0
0.0
0.0
0.0
0.0
0.0
0.0
0.0
0.0
0.0
0.0
0.0
0.0
0.0
0.0
0.0
0.0
0.0
0.0
0.0
0.0
0.0
0.0
0.0
0.0
0.0
0.0
0.0
0.0
0.0
0.0
0.0
0.0
0.0
0.0
0.0
0.0
0.0
0.0
0.0
0.0
0.0
0.0
0.0
0.0
0.0
0.0
0.0
0.0
0.0
0.0
0.0
0.0
0.0
0.0
0.0
0.0
0.0
0.0
0.0
0.0
0.0
0.0
0.0
0.0
0.0
0.0
0.0
0.0
0.0
0.0
0.0
0.0
0.0
0.0
0.0
0.0
0.0
0.0
0.0
0.0
0.0
0.0
0.0
0.0
0.0
0.0
0.0
0.0
0.0
0.0
0.0
0.0
0.0
0.0
0.0
0.0
0.0
0.0
0.0
0.0
0.0
0.0
0.0
0.0
0.0
0.0
0.0
0.0
0.0
0.0
0.0
0.0
0.0
0.0
0.0
0.0
0.0
0.0
0.0
0.0
0.0
0.0
0.0
0.0
0.0
0.0
0.0
0.0
0.0
0.0
0.0
0.0
0.0
0.0
0.0
0.0
0.0
0.0
0.0
0.0
0.0
0.0
0.0
0.0
0.0
0.0
0.0
0.0
0.0
0.0
0.0
0.0
0.0
0.0
0.0
0.0
0.0
0.0
0.0
0.0
0.0
0.0
0.0
0.0
0.0
0.0
0.0
0.0
0.0
0.0
0.0
0.0
0.0
0.0
0.0
0.0
0.0
0.0
0.0
0.0
0.0
0.0
0.0
0.0
0.0
0.0
0.0
0.0
0.0
0.0
0.0
0.0
0.0
0.0
0.0
0.0
0.0
0.0
0.0
0.0
0.0
0.0
0.0
0.0
0.0
0.0
0.0
0.0
0.0
0.0
0.0
0.0
0.0
0.0
0.0
0.0
0.0
0.0
0.0
0.0
0.0
0.0
0.0
0.0
0.0
0.0
0.0
0.0
0.0
0.0
0.0
0.0
0.0
0.0
0.0
0.0
0.0
0.0
0.0
0.0
0.0
0.0
0.0
0.0
0.0
0.0
0.0
0.0
0.0
0.0
0.0
0.0
0.0
0.0
0.0
0.0
0.0
0.0
0.0
0.0
0.0
0.0
0.0
0.0
0.0
0.0
0.0
0.0
0.0
0.0
0.0
0.0
0.0
0.0
0.0
0.0
0.0
0.0
0.0
0.0
0.0
0.0
0.0
0.0
0.0
0.0
0.0
0.0
0.0
0.0
0.0
0.0
0.0
0.0
0.0
0.0
0.0
0.0
0.0
0.0
0.0
0.0
0.0
0.0
0.0
0.0
0.0
0.0
0.0
0.0
0.0
0.0
0.0
0.0
0.0
0.0
0.0
0.0
0.0
0.0
0.0
0.0
0.0
0.0
0.0
0.0
0.0
0.0
0.0
0.0
0.0
0.0
0.0
0.0
0.0
0.0
0.0
0.0
0.0
0.0
0.0
0.0
0.0
0.0
0.0
0.0
0.0
0.0
0.0
0.0
0.0
0.0
0.0
0.0
0.0
0.0
0.0
0.0
0.0
0.0
0.0
0.0
0.0
0.0
0.0
0.0
0.0
0.0
0.0
0.0
0.0
0.0
0.0
0.0
0.0
0.0
0.0
0.0
0.0
0.0
0.0
0.0
0.0
0.0
0.0
0.0
0.0
0.0
0.0
0.0
0.0
0.0
0.0
0.0
0.0
0.0
0.0
0.0
0.0
0.0
0.0
0.0
0.0
0.0
0.0
0.0
0.0
0.0
0.0
0.0
0.0
0.0
0.0
0.0
0.0
0.0
0.0
0.0
0.0
0.0
0.0
0.0
0.0
0.0
0.0
0.0
0.0
0.0
0.0
0.0
0.0
0.0
0.0
0.0
0.0
0.0
0.0
0.0
0.0
0.0
0.0
0.0
0.0
0.0
0.0
0.0
0.0
0.0
0.0
0.0
0.0
0.0
0.0
0.0
0.0
0.0
0.0
0.0
0.0
0.0
0.0
0.0
0.0
0.0
0.0
0.0
0.0
0.0
0.0
0.0
0.0
0.0
0.0
0.0
0.0
0.0
0.0
0.0
0.0
0.0
0.0
0.0
0.0
0.0
0.0
0.0
0.0
0.0
0.0
0.0
0.0
0.0
0.0
0.0
0.0
0.0
0.0
0.0
0.0
0.0
0.0
0.0
0.0
0.0
0.0
0.0
0.0
0.0
0.0
0.0
0.0
0.0
0.0
0.0
0.0
0.0
0.0
0.0
0.0
0.0
0.0
0.0
0.0
0.0
0.0
0.0
0.0
0.0
0.0
0.0
0.0
0.0
0.0
0.0
0.0
0.0
0.0
0.0
0.0
0.0
0.0
0.0
0.0
0.0
0.0
0.0
0.0
0.0
0.0
0.0
0.0
0.0
0.0
0.0
0.0
0.0
0.0
0.0
0.0
0.0
0.0
0.0
0.0
0.0
0.0
0.0
0.0
0.0
0.0
0.0
0.0
0.0
0.0
0.0
0.0
0.0
0.0
0.0
0.0
0.0
0.0
0.0
0.0
0.0
0.0
0.0
0.0
0.0
0.0
0.0
0.0
0.0
0.0
0.0
0.0
0.0
0.0
0.0
0.0
0.0
0.0
0.0
0.0
0.0
0.0
0.0
0.0
0.0
0.0
0.0
0.0
0.0
0.0
0.0
0.0
0.0
0.0
0.0
0.0
0.0
0.0
0.0
0.0
0.0
0.0
0.0
0.0
0.0
0.0
0.0
0.0
0.0
0.0
0.0
0.0
0.0
0.0
0.0
0.0
0.0
0.0
0.0
0.0
0.0
0.0
0.0
0.0
0.0
0.0
0.0
0.0
0.0
0.0
0.0
0.0
0.0
0.0
0.0
0.0
0.0
0.0
0.0
0.0
0.0
0.0
0.0
0.0
0.0
0.0
0.0
0.0
0.0
0.0
0.0
0.0
0.0
0.0
0.0
0.0
0.0
0.0
0.0
0.0
0.0
0.0
0.0
0.0
0.0
0.0
0.0
0.0
0.0
0.0
0.0
0.0
0.0
0.0
0.0
0.0
0.0
0.0
0.0
0.0
0.0
0.0
0.0
0.0
0.0
0.0
0.0
0.0
0.0
0.0
0.0
0.0
0.0
0.0
0.0
0.0
0.0
0.0
0.0
0.0
0.0
0.0
0.0
0.0
0.0
0.0
0.0
0.0
0.0
0.0
0.0
0.0
0.0
0.0
0.0
0.0
0.0
0.0
0.0
0.0
0.0
0.0
0.0
0.0
0.0
0.0
0.0
0.0
0.0
0.0
0.0
0.0
0.0
0.0
0.0
0.0
0.0
0.0
0.0
0.0
0.0
0.0
0.0
0.0
0.0
0.0
0.0
0.0
0.0
0.0
0.0
0.0
0.0
0.0
0.0
0.0
0.0
0.0
0.0
0.0
0.0
0.0
0.0
0.0
0.0
0.0
0.0
0.0
0.0
0.0
0.0
0.0
0.0
0.0
0.0
0.0
0.0
0.0
0.0
0.0
0.0
0.0
0.0
0.0
0.0
0.0
0.0
0.0
0.0
0.0
0.0
0.0
0.0
0.0
0.0
0.0
0.0
0.0
0.0
0.0
0.0
0.0
0.0
0.0
0.0
0.0
0.0
0.0
0.0
0.0
0.0
0.0
0.0
0.0
0.0
0.0
0.0
0.0
0.0
0.0
0.0
0.0
0.0
0.0
0.0
0.0
0.0
0.0
0.0
0.0
0.0
0.0
0.0
0.0
0.0
0.0
0.0
0.0
0.0
0.0
0.0
0.0
0.0
0.0
0.0
0.0
0.0
0.0
0.0
0.0
0.0
0.0
0.0
0.0
0.0
0.0
0.0
0.0
0.0
0.0
0.0
0.0
0.0
0.0
0.0
0.0
0.0
0.0
0.0
0.0
0.0
0.0
0.0
0.0
0.0
0.0
0.0
0.0
0.0
0.0
0.0
0.0
0.0
0.0
0.0
0.0
0.0
0.0
0.0
0.0
0.0
0.0
0.0
0.0
0.0
0.0
0.0
0.0
0.0
0.0
0.0
0.0
0.0
0.0
0.0
0.0
0.0
0.0
0.0
0.0
0.0
0.0
0.0
0.0
0.0
0.0
0.0
0.0
0.0
0.0
0.0
0.0
0.0
0.0
0.0
0.0
0.0
0.0
0.0
0.0
0.0
0.0
0.0
0.0
0.0
0.0
0.0
0.0
0.0
0.0
0.0
0.0
0.0
0.0
0.0
0.0
0.0
0.0
0.0
0.0
0.0
-0.0004107808358817533
-0.0004409836901121305
-0.00045985015290519874
-0.00047125993883792046
-0.0004822507645259939
-0.0005016585117227319
-0.0005348002038735983
-0.0005779989806320081
-0.000623737003058104
-0.0006742996941896025
-0.000746835881753313
-0.0008587115188583078
-0.0010066890927624872
-0.001166098878695209
-0.001309643221202854
-0.0014189520897043833
-0.0014761885830784913
-0.0014554057084607544
-0.0013427512742099899
-0.00116693374108053
-0.00098644750254842
-0.0008349510703363915
-0.0006878542303771661
-0.0004945953109072376
-0.0002500173292558614
-2.562487257900102e-05
8.889908256880733e-05
7.4361875637105e-05
-1.1875637104994904e-06
-4.262079510703364e-05
1.1136595310907239e-05
0.00017617125382262997
0.00044255759429153926
0.0007858664627930684
0.00117355249745158
0.0015664801223241591
0.0019173730886850153
0.00218379001019368
0.0023520438328236493
0.0024379429153924565
0.002460124362895005
0.0024246554536187562
0.002323255861365953
0.002125428134556575
0.0017823221202854231
0.001253815494393476
0.0005481019367991846
-0.0002529255861365953
-0.001016743119266055
-0.0016140438328236494
-0.0019616809378185524
-0.002039869520897044
-0.0018818246687054027
-0.0015467400611620795
-0.0011079633027522937
-0.0006509969418960244
-0.00024705300713557594
8.2855249745158e-05
0.0003636085626911315
0.0006214322120285423
0.0008504464831804282
0.001024307849133537
0.0011460693170234455
0.0012921957186544342
0.0015759317023445465
0.0020328205912334353
0.0025720091743119265
0.003051939857288481
0.003365766564729867
0.0034581997961264017
0.003304527013251784
0.00288360244648318
0.0021835759429153926
0.0012424627930682976
0.00015497145769622833
-0.0009540937818552497
-0.0019459582059123343
-0.002691492354740061
-0.0031254505606523953
-0.0032775453618756373
-0.003229510703363914
-0.0030417573904179406
-0.002719031600407747
-0.002219316004077472
-0.0014723863404689091
-0.0004210682976554536
0.0009069031600407747
0.0023839317023445464
0.0038481600407747197
0.005148401630988788
0.006137441386340469
0.006650561671763506
0.0065113149847094804
0.005604405708460754
0.00398173496432212
0.001889472986748216
-0.00034037614678899083
-0.0024382548419979613
-0.0042302640163098875
-0.005566710499490316
-0.006343958205912335
-0.0066372874617737
-0.0067230703363914375
-0.006902109072375128
-0.007289479102956168
-0.007772590214067278
-0.008165943934760448
-0.008377609582059123
-0.008419585117227318
-0.00830576146788991
-0.007979702344546381
-0.0073599113149847096
-0.006449359836901121
-0.005364484199796127
-0.004215457696228339
-0.002951796126401631
-0.0013872793068297655
0.0005539449541284404
0.0026233037716615697
0.004357682976554536
0.0054400142711518865
0.00592674617737003
0.00610209378185525
0.006126468909276249
0.005892142711518859
0.005243429153924567
0.004259482161060143
0.0032423527013251785
0.00244214373088685
0.0018782426095820591
0.0014542660550458716
0.0011503445463812436
0.001011683995922528
0.0009662966360856269
0.0007413374108053007
5.3204892966360856e-05
-0.0011105239551478083
-0.0024475565749235476
-0.0035622262996941895
-0.004222245667686034
-0.004435015290519878
-0.004319854230377167
-0.003973152905198777
-0.003443928644240571
-0.0027664780835881756
-0.0019885677879714577
-0.0011674770642201835
-0.00033345667686034657
0.0005537278287461773
0.0015921192660550457
0.002859866462793068
0.004315450560652395
0.0057570234454638125
0.006930625891946992
0.007661346585117227
0.00782814373088685
0.007303546381243629
0.0060700540265035685
0.004376813455657493
0.002698522935779816
0.0015138399592252803
0.0010209418960244647
0.001029006116207951
0.0011912191641182466
0.001297841997961264
0.0013053588175331295
0.0011808083588175332
0.0008018114169215086
1.2201834862385321e-05
-0.0012002120285423037
-0.0025570244648318043
-0.003574617737003058
-0.0038813119266055047
-0.0034879439347604486
-0.0027188287461773703
-0.001878638124362895
-0.0010384189602446483
-0.0001517849133537207
0.0006846207951070336
0.0011410326197757391
0.0008843261977573904
-7.7072375127421e-05
-0.0013198532110091743
-0.0022841335372069315
-0.0026085321100917432
-0.0022242415902140674
-0.0012118063200815495
0.00033988990825688074
0.0022911610601427114
0.004350713557594291
0.006170020387359837
0.00755650254841998
0.008523443425076452
0.009201217125382263
0.00978212640163099
0.010420730886850154
0.011040071355759429
0.011266535168195719
0.010681485219164118
0.009186092762487257
0.007090984709480122
0.0048518328236493375
0.0027281610601427113
0.0007381529051987768
-0.0010715698267074413
-0.002408566768603466
-0.0028396748216106015
-0.0021252140672782874
-0.0004499388379204893
0.0016374311926605504
0.0034750754332313967
0.004556349643221203
0.004729843017329256
0.004287656472986748
0.003790137614678899
0.003661336391437309
0.003943729867482161
0.004416270132517839
0.004867041794087666
0.005203016309887869
0.005342114169215087
0.005129567787971458
0.004428946992864424
0.0032434250764525993
0.0016892782874617736
-0.00012424260958205914
-0.002123622833843017
-0.0042032099898063205
-0.006228671763506626
-0.008150272171253822
-0.010011784913353722
-0.011760395514780836
-0.013119085626911315
-0.013778502548419981
-0.013707992864424057
-0.013176046890927624
-0.012489721712538225
-0.011753637104994902
-0.010821205912334353
-0.009484477064220183
-0.007761948012232416
-0.005926403669724771
-0.004264498470948013
-0.0028952945973496434
-0.0017428236493374108
-0.0006269877675840979
0.000542539245667686
0.0015844841997961264
0.002078587155963303
0.0016563985728848113
0.0003519296636085627
-0.001286459734964322
-0.0025361070336391437
-0.00300814373088685
-0.0027947217125382263
-0.002217881753312946
-0.0015398766564729868
-0.0008852813455657493
-0.00033424668705402653
1.3145769622833842e-05
5.7669724770642204e-05
-0.0002998144750254842
-0.001180960244648318
-0.002607907237512742
-0.00428377370030581
-0.005610642201834862
-0.006048201834862385
-0.005506854230377166
-0.004406886850152905
-0.0033349092762487258
-0.0026243853211009175
-0.0022636534148827727
-0.002116637104994903
-0.0021190886850152905
-0.002269413863404689
-0.0025162793068297653
-0.002734133537206932
-0.002839697247706422
-0.002864967380224261
-0.002840946992864424
-0.002662566768603466
-0.0021503404689092766
-0.0012384954128440366
-6.960244648318042e-06
0.0014830040774719674
0.0032783455657492354
0.005388991845056065
0.0076049867482161065
0.009563848114169216
0.011035708460754332
0.012117780835881754
0.013120635066258919
0.014261396534148828
0.015441283384301733
0.0162847125382263
0.016378484199796126
0.01549154740061162
0.013650835881753313
0.011097147808358817
0.008157008154943935
0.005091781855249745
0.002075031600407747
-0.0006189480122324158
-0.002447218144750255
-0.002798928644240571
-0.0015204689092762486
0.0007720897043832824
0.00302624872579001
0.004445834862385321
0.004917829765545362
0.004877860346585117
0.004799914373088685
0.004819760448521916
0.004793406727828746
0.004547634046890928
0.003992194699286442
0.003094742099898063
0.0018770815494393476
0.0004459612640163099
-0.0010441131498470947
-0.00246034250764526
-0.0036591804281345566
-0.004386884811416921
-0.00431748623853211
-0.0033174515800203875
-0.001718953109072375
-0.00022037206931702343
0.0005731855249745158
0.0005267268093781856
-1.7444444444444444e-05
-0.0005811783893985729
-0.0009432089704383283
-0.0012148114169215087
-0.001647630988786952
-0.0024762222222222225
-0.0038347594291539247
-0.0056206921508664635
-0.007428391437308868
-0.00876536391437309
-0.00936611009174312
-0.009231092762487259
-0.008410086646279307
-0.006904880733944954
-0.0048244454638124365
-0.0025007726809378183
-0.0003467125382262997
0.0013705688073394496
0.002530816513761468
0.0029753873598369015
0.002508387359836901
0.0011271365953109073
-0.0008284220183486238
-0.0027803700305810398
-0.004185679918450561
-0.00476740366972477
-0.004576803261977573
-0.0038959969418960244
-0.003103663608562691
-0.0025962558613659534
-0.0026842731906218144
-0.0034510234454638127
-0.004747385321100917
-0.0063161498470948015
-0.007833034658511722
-0.008903816513761468
-0.009200173292558613
-0.008618061162079511
-0.007238748216106015
-0.00517001630988787
-0.0025352130479102957
0.00039244648318042814
0.003180652395514781
0.005430282364933741
0.006935223241590215
0.00760840876656473
0.007325266055045872
0.006047223241590214
0.004160560652395514
0.0025035107033639144
0.0018833088685015291
0.002458730886850153
0.0035778022426095823
0.004346973496432212
0.004414954128440367
0.00411381753312946
0.003797354740061162
0.0031980764525993883
0.0016472415902140673
-0.001108611620795107
-0.004542974515800204
-0.007780916411824669
-0.010158462793068299
-0.0113939500509684
-0.011501280326197757
-0.010752162079510704
-0.009679006116207952
-0.008869964322120286
-0.008584070336391438
-0.008573962283384301
-0.008348394495412843
-0.0076521253822629965
-0.006720571865443425
-0.006036389398572885
-0.005781021406727828
-0.005538508664627931
-0.004609072375127421
-0.002672396534148828
-0.00017222018348623852
0.0019474964322120285
0.0029355647298674823
0.002816683995922528
0.002394206931702345
0.0026109225280326197
0.0037941294597349643
0.005416914373088685
0.00653798878695209
0.006500539245667686
0.005295904179408766
0.003444441386340469
0.0016467787971457697
0.0004613547400611621
0.00010242099898063201
0.00035383078491335373
0.0006688318042813456
0.0005154729867482161
-0.0002391243628950051
-0.0012310968399592253
-0.001846323139653415
-0.0015927747196738022
-0.00039193577981651377
0.0012951029561671765
0.0026352996941896023
0.0028987777777777775
0.001932632008154944
0.00023861977573904177
-0.0014266340468909277
-0.0025599745158002038
-0.003053178389398573
-0.0029777064220183483
-0.0024901213047910297
-0.0019731488277268095
-0.002013145769622834
-0.00301726503567788
-0.004776322120285423
-0.0064437920489296635
-0.0070502731906218145
-0.006117858307849134
-0.0038586024464831808
-0.0008857145769622834
0.0022112701325178387
0.00508089500509684
0.007610733944954129
0.009863756371049949
0.011942711518858307
0.013807392456676861
0.015199026503567787
0.015778036697247706
0.015387178389398574
0.014186468909276249
0.012544952089704383
0.010810445463812436
0.009208461773700305
0.0079532375127421
0.007354494393476045
0.007679007135575943
0.0087759001019368
0.009849467889908257
0.009811014271151887
0.008034246687054027
0.004837918450560652
0.001234973496432212
-0.0018274250764525994
-0.004059126401630989
-0.005797907237512742
-0.007482517838939857
-0.00919302752293578
-0.0107080377166157
-0.011866070336391438
-0.012720384301732926
-0.013383984709480124
-0.013811735983690112
-0.013756184505606523
-0.012950477064220183
-0.011347313965341489
-0.009215924566768605
-0.0070593608562691135
-0.005386603465851173
-0.004458356778797146
-0.004152785932721713
-0.004069004077471967
-0.003832540265035678
-0.0033253985728848114
-0.0026692283384301733
-0.0020735474006116205
-0.0017562201834862385
-0.0019499908256880734
-0.0028137308868501527
-0.004249063200815494
-0.00584544240570846
-0.007072324159021407
-0.007626564729867482
-0.007652439347604486
-0.007575495412844037
-0.007723985728848115
-0.0081756126401631
-0.008926071355759428
-0.010042838939857288
-0.011552050968399591
-0.013182135575942916
-0.014260756371049949
-0.014007086646279306
-0.012072564729867482
-0.00880040265035678
-0.0049704689092762485
-0.0013147737003058103
0.0017474352701325178
0.003993742099898063
0.005224096839959225
0.00532506625891947
0.004495742099898063
0.0033319683995922528
0.0025912283384301733
0.0028291946992864427
0.004157951070336391
0.006174045871559633
0.008090653414882774
0.009137470948012231
0.009029540265035678
0.008083446483180427
0.006900200815494394
0.0059727573904179414
0.005502997961264016
0.005439174311926605
0.005610301732925586
0.005788914373088685
0.0056587237512742096
0.004923951070336391
0.0036185963302752294
0.0022487288481141694
0.0014367400611620797
0.0013359755351681957
0.0014967482161060144
0.001302737003058104
0.0003737492354740061
-0.0014198379204892965
-0.004013838939857289
-0.00704566870540265
-0.009811995922528032
-0.01147695616717635
-0.011461307849133538
-0.009714483180428135
-0.006678021406727829
-0.003077086646279307
0.00024155759429153926
0.0024935453618756373
0.003288489296636086
0.002875561671763507
0.0020477533129459736
0.0016931172273190623
0.0022597624872579
0.0036342313965341488
0.005512665647298675
0.0076951824668705406
0.010003610601427116
0.012154123343527013
0.013857269113149847
0.015004434250764526
0.015706695208970438
0.016151307849133538
0.016406780835881752
0.016392360856269113
0.016063509683995923
0.015541964322120285
0.015038514780835883
0.014725427115188584
0.014670100917431192
0.014755836901121306
0.014569837920489296
0.013488371049949032
0.011069853211009175
0.0074453822629969415
0.003341942915392457
-0.0003276422018348624
-0.00294644750254842
-0.004342820591233435
-0.004635538226299694
-0.004093084607543323
-0.0031422273190621812
-0.0023466982670744137
-0.002186962283384302
-0.002778337410805301
-0.0038452711518858307
-0.004998074413863404
-0.006049014271151886
-0.007068888888888889
-0.008151113149847095
-0.009201843017329256
-0.010001566768603466
-0.010397329255861367
-0.010382394495412844
-0.010012512742099897
-0.00931874006116208
-0.00840646483180428
-0.0075594403669724764
-0.0070677125382263
-0.006977379204892966
-0.00708223241590214
-0.007016584097859328
-0.006343863404689093
-0.004809896024464831
-0.0026258460754332315
-0.0004361855249745158
0.001097414882772681
0.001790703363914373
0.0021057135575942914
0.002809670744138634
0.004329470948012232
0.006339313965341488
0.007968078491335372
0.008398490316004077
0.007288754332313965
0.004802454638124363
0.0014605382262996942
-0.0019516299694189603
-0.0045204362895005104
-0.005579446483180428
-0.005074252803261977
-0.0035226615698267074
-0.0015665015290519876
0.00047766564729867484
0.002593939857288481
0.004642386340468909
0.006164144750254842
0.006692107033639144
0.006185638124362895
0.005083428134556575
0.003958175331294597
0.0031410101936799185
0.00260844750254842
0.0021442793068297654
0.001523782874617737
0.000619579001019368
-0.0004695158002038736
-0.0014362405708460754
-0.002040612640163099
-0.0022093873598369013
-0.0018282680937818552
-0.0006546422018348624
0.001485309887869521
0.004430188583078492
0.00763387257900102
0.010414657492354741
0.012237350662589196
0.012771981651376146
0.011782812436289501
0.009130625891946992
0.005008323139653415
0.0001443394495412844
-0.0043633537206931704
-0.007546974515800204
-0.008977687054026504
-0.008812519877675841
-0.0075506839959225275
-0.005679854230377166
-0.0034285178389398575
-0.000826763506625892
0.0019988114169215087
0.0046317206931702345
0.006508650356778797
0.00730777370030581
0.007183620795107034
0.006578872579001019
0.005818807339449541
0.004914502548419979
0.0037047339449541284
0.002052433231396534
-0.00010683078491335372
-0.002808106014271152
-0.0059834026503567785
-0.009230623853211009
-0.01180951885830785
-0.013031732925586136
-0.012691320081549438
-0.01117710499490316
-0.009180582059123343
-0.007296007135575943
-0.00589097247706422
-0.005148049949031601
-0.005019289500509685
-0.005183505606523955
-0.0051925198776758405
-0.004735245667686035
-0.0037876636085626913
-0.0025354597349643224
-0.0011808012232415901
0.00017314882772680938
0.0014555249745158002
0.0024675565749235472
0.0028701702344546384
0.0024107349643221203
0.0011922864424057083
-0.0002811213047910296
-0.0013934046890927624
-0.0017919184505606526
-0.00149869622833843
-0.0007162945973496432
0.00043187054026503567
0.0019741416921508666
0.003906441386340468
0.00593781753312946
0.007481623853211009
0.007988233435270133
0.007357059123343527
0.006000601427115188
0.004506393476044853
0.003293071355759429
0.002560880733944954
0.002435959225280326
0.003014204892966361
0.00420359123343527
0.005556766564729867
0.006310975535168196
0.00572562385321101
0.0036325820591233435
0.0007773129459734964
-0.0015181539245667686
-0.0022550815494393477
-0.0014470000000000002
2.5489296636085625e-05
0.0011495158002038735
0.0014032293577981652
0.0008559949031600408
-0.00012915698267074416
-0.001159460754332314
-0.0018520815494393475
-0.0018193730886850153
-0.0008054515800203873
0.0011291233435270131
0.003630216106014271
0.006243657492354741
0.008536727828746177
0.010078352701325177
0.010429912334352703
0.009305572884811417
0.006814142711518858
0.0034375688073394494
-0.0002929255861365953
-0.00399046381243629
-0.007316808358817533
-0.009892227319062183
-0.011411173292558615
-0.011831161060142712
-0.011369667686034658
-0.01027006523955148
-0.008645224260958205
-0.006629069317023445
-0.004553358817533129
-0.0028050010193679917
-0.001530053007135576
-0.0005988012232415902
0.00011391233435270133
0.0005103476044852191
0.00036368909276248725
-0.0004637665647298675
-0.0019077288481141692
-0.003677346585117227
-0.005307959225280326
-0.0063213139653414884
-0.006450039755351682
-0.005837348623853211
-0.004985841997961264
-0.004386926605504588
-0.004160327217125382
-0.004064343527013252
-0.003866755351681957
-0.003610202854230377
-0.00350538124362895
-0.003692777777777778
-0.0041155881753312945
-0.004555339449541285
-0.004751378185524974
-0.0044905637104994895
-0.0036837584097859327
-0.002429282364933741
-0.0010005555555555555
0.00022678185524974517
0.000890098878695209
0.0008374454638124363
0.0002809959225280326
-0.00023358002038735985
-3.171355759429154e-05
0.001326348623853211
0.003680879714576962
0.0062844026503567785
0.008297240570846074
0.009288540265035677
0.009307766564729867
0.008610590214067279
0.00744034760448522
0.00603420998980632
0.004660162079510703
0.0035826585117227317
0.003022741080530071
0.003109810397553517
0.00379469622833843
0.004767932721712539
0.005495704383282365
0.0054602996941896026
0.004549781855249745
0.0032808929663608564
0.0025333914373088682
0.0028831070336391438
0.004132451580020387
0.005528715596330276
0.006409530071355759
0.006567595310907237
0.006026329255861366
0.004674612640163099
0.0023039826707441386
-0.0010415188583078492
-0.004856647298674821
-0.0083124373088685
-0.010641212028542303
-0.01146783995922528
-0.010876637104994903
-0.009249295616717635
-0.007070648318042813
-0.004824661569826707
-0.0029155993883792047
-0.00162048623853211
-0.00106579001019368
-0.0011278481141692152
-0.0014059643221202855
-0.0014721987767584096
-0.001216106014271152
-0.0009177054026503567
-0.0009501396534148828
-0.0014032354740061161
-0.002030183486238532
-0.002542633027522936
-0.002867605504587156
-0.003075920489296636
-0.00314961875637105
-0.002991195718654434
-0.00266465749235474
-0.0025069704383282364
-0.0029038848114169217
-0.003877879714576962
-0.004933561671763507
-0.005421373088685015
-0.005022795107033639
-0.0038184424057084608
-0.0020499072375127422
-1.371763506625892e-05
0.0018535249745158001
0.0029461427115188583
0.002665597349643221
0.0007842528032619776
-0.0022730591233435272
-0.005594490316004078
-0.008269887869520896
-0.009791373088685015
-0.010143589194699286
-0.009583510703363916
-0.00837979510703364
-0.006773921508664627
-0.005049481141692152
-0.0034710479102956168
-0.002045508664627931
-0.00042043730886850154
0.0017683272171253822
0.00438877370030581
0.006719089704383283
0.007914142711518858
0.007619970438328236
0.0061821590214067275
0.0042764750254842
0.002411550458715596
0.0008364281345565749
-0.00021851885830784915
-0.0004467471967380224
0.0003290907237512742
0.0019034841997961265
0.0036954903160040776
0.005082499490316004
0.00572858002038736
0.00556531498470948
0.004593255861365953
0.002866562691131499
0.00059610499490316
-0.0018886044852191642
-0.004304401630988787
-0.006501803261977575
-0.008381698267074413
-0.009798715596330275
-0.010604849133537207
-0.010740390417940875
-0.010265799184505606
-0.009271128440366972
-0.00776836493374108
-0.0057738175331294595
-0.0034944250764525992
-0.0013609449541284403
0.00018383078491335372
0.0009581824668705402
0.0011556880733944953
0.0012291213047910296
0.0015793781855249745
0.0023046167176350666
0.003313453618756371
0.004630311926605504
0.006445359836901122
0.008802125382262998
0.011243373088685015
0.012867018348623855
0.012892553516819573
0.011253337410805302
0.008651415902140672
0.00605637003058104
0.004136460754332314
0.0030703537206931706
0.002704046890927625
0.0027501080530071354
0.0029454342507645257
0.0031609327217125382
0.0033567257900101936
0.00343533129459735
0.003230346585117227
0.002757015290519878
0.0024434923547400613
0.0029137064220183485
0.004438748216106014
0.006575757390417941
0.008343585117227319
0.008890942915392457
0.008067674821610601
0.006317393476044852
0.004153715596330275
0.001880316004077472
-0.00029012538226299694
-0.0020692650356778793
-0.003186886850152905
-0.0036341559633027523
-0.0036631447502548423
-0.003502080530071356
-0.0031884046890927626
-0.0026848603465851172
-0.002056341488277268
-0.0015103261977573905
-0.0013073149847094801
-0.0016420377166156983
-0.0025166809378185523
-0.0036284108053007136
-0.004450913353720693
-0.004519442405708461
-0.0036812721712538225
-0.002152886850152905
-0.0003612385321100917
0.0013271345565749235
0.0027958430173292558
0.004153978593272171
0.005502652395514781
0.006673630988786952
0.007275442405708461
0.007121364933741081
0.006550918450560652
0.006202690112130479
0.006449343527013252
0.0070622711518858305
0.007457693170234455
0.0072763832823649335
0.0066581875637105
0.0059672273190621815
0.005389450560652396
0.004864638124362895
0.004249936799184506
0.003408144750254842
0.00224972375127421
0.0008024525993883791
-0.0008042120285423037
-0.0024633190621814478
-0.0042105474006116205
-0.006180993883792049
-0.008340372069317023
-0.010270863404689091
-0.011353302752293577
-0.011176072375127421
-0.009761460754332315
-0.007511614678899083
-0.0049471416921508665
-0.0023965056065239554
9.713047910295616e-05
0.0026241080530071356
0.005230538226299694
0.007797576962283384
0.009958440366972477
0.011189299694189603
0.011112726809378186
0.009724965341488277
0.007376795107033639
0.004610743119266055
0.001940085626911315
-0.0003596982670744139
-0.0022966422018348624
-0.003972763506625892
-0.005283587155963303
-0.005818186544342507
-0.005171394495412845
-0.003396355759429154
-0.00107296126401631
0.0011323924566768603
0.002908501529051988
0.00424093883792049
0.00506623241590214
0.005187983690112131
0.004534711518858308
0.003360170234454638
0.0021010652395514777
0.0010454801223241592
0.00019398980632008155
-0.0005730815494393477
-0.001331302752293578
-0.002137053007135576
-0.0030390703363914373
-0.003932687054026504
-0.004494908256880734
-0.004404184505606524
-0.0036573211009174314
-0.0026308970438328233
-0.0017787624872579002
-0.0013099724770642201
-0.0011948980632008157
-0.0013714332313965341
-0.0018026167176350663
-0.002348559633027523
-0.0027408776758409787
-0.0027634108053007137
-0.0023772793068297655
-0.0016250214067278289
-0.0004931111111111112
0.0010626493374108054
0.0029388878695208974
0.0047567074413863404
0.005976886850152905
0.006213703363914373
0.005457665647298675
0.003990042813455658
0.0021510101936799185
0.00023114169215086646
-0.0015402925586136594
-0.00299881753312946
-0.00402964118246687
-0.004560937818552498
-0.004574481141692151
-0.004127361875637105
-0.003364190621814475
-0.0024842385321100914
-0.0016964862385321102
-0.0011988837920489297
-0.001113300713557594
-0.0013895749235474006
-0.0018327257900101937
-0.0022646666666666666
-0.0026032283384301736
-0.002752613659531091
-0.002531229357798165
-0.0018049317023445463
-0.0006571804281345566
0.0006286819571865443
0.001773619775739042
0.0026836320081549438
0.0034207716615698267
0.004033035677879715
0.00450749745158002
0.004868128440366972
0.005172085626911315
0.005380135575942915
0.005332930682976554
0.004897124362895005
0.0041239928644240574
0.003263732925586137
0.0025664933741080527
0.0020459898063200812
0.0014606289500509683
0.0005116462793068298
-0.0009444546381243629
-0.0028268185524974515
-0.004884785932721712
-0.006819881753312947
-0.008439551478083588
-0.009722764525993884
-0.0107290499490316
-0.011447688073394495
-0.011722489296636086
-0.011318537206931701
-0.010086285423037716
-0.008139166156982671
-0.0059214434250764525
-0.004041953109072375
-0.002936416921508665
-0.0025747849133537204
-0.002465073394495413
-0.0019966269113149845
-0.0008456992864424057
0.0008374128440366972
0.002553022426095821
0.0037672018348623854
0.004135918450560653
0.003537206931702345
0.002077044852191641
0.00011259531090723751
-0.0018566483180428135
-0.00342719877675841
-0.004428371049949031
-0.004827431192660551
-0.004568704383282365
-0.0035800937818552497
-0.0019303017329255863
8.014678899082569e-05
0.0020310703363914375
0.0036259255861365953
0.004825620795107033
0.005762461773700305
0.006579600407747197
0.007309348623853211
0.007838750254841998
0.00802950866462793
0.007919891946992864
0.0078097104994903155
0.008091787971457695
0.00891379612640163
0.009997069317023445
0.010857696228338432
0.011229630988786952
0.011223236493374108
0.011078656472986748
0.010873726809378184
0.010519453618756372
0.009941328236493373
0.009149500509683996
0.008133341488277268
0.0068026717635066266
0.005094064220183487
0.0031084128440366974
0.0010790988786952092
-0.0008547686034658512
-0.0028205402650356777
-0.00509653007135576
-0.007776474006116208
-0.010557467889908257
-0.012899731906218143
-0.01439507747196738
-0.014992362895005098
-0.014928499490316003
-0.014508556574923547
-0.013942452599388378
-0.013259461773700305
-0.012336844036697247
-0.01108549745158002
-0.009615984709480122
-0.008233743119266055
-0.007287912334352701
-0.006940163098878695
-0.006994883792048929
-0.0069980050968399595
-0.006583036697247706
-0.005727943934760448
-0.004678951070336391
-0.0036852364933741078
-0.002797645259938838
-0.0018696146788990827
-0.0007504159021406728
0.000499026503567788
0.0015707747196738021
0.002120058103975535
0.0020212466870540265
0.0014304128440366974
0.0006473455657492355
-5.5939857288481145e-05
-0.0005356636085626912
-0.0008015208970438328
-0.0009577594291539246
-0.0010823965341488276
-0.0011325280326197759
-0.0009915096839959224
-0.0006372059123343527
-0.00022204281345565747
4.3018348623853216e-05
5.9103975535168196e-05
-9.831192660550459e-05
-0.00023542201834862383
-0.0001414689092762487
0.0003171630988786952
0.0011294250764525993
0.002121087665647299
0.0030104648318042817
0.0035434719673802244
0.0036540438328236495
0.003531848114169215
0.0035486534148827724
0.004088600407747197
0.005319285423037717
0.007029899082568808
0.008692765545361875
0.009721281345565748
0.009759299694189602
0.008818031600407748
0.00720950254841998
0.005360108053007136
0.003600247706422018
0.0020398848114169216
0.0005999847094801224
-0.0008272650356778797
-0.0022027471967380223
-0.0033294108053007134
-0.004030020387359837
-0.0043007930682976555
-0.004244359836901122
-0.0038890346585117226
-0.003176020387359837
-0.002138146788990826
-0.0010291529051987766
-0.0002104750254841998
0.0001231223241590214
8.166564729867482e-05
-8.491641182466871e-05
-0.00025168909276248723
-0.00045266360856269114
-0.000687053007135576
-0.0008224281345565749
-0.0007590275229357798
-0.0006407747196738023
-0.000831559633027523
-0.0016332507645259939
-0.002986729867482161
-0.004469070336391438
-0.005607117227319062
-0.006145506625891947
-0.006033700305810397
-0.005287866462793068
-0.003939732925586137
-0.002127461773700306
-0.00019796839959225279
0.0014159683995922528
0.002514363914373089
0.0033059194699286442
0.004215114169215086
0.0054693567787971464
0.006908367991845056
0.00821946992864424
0.00924377370030581
0.009970532110091742
0.010337346585117226
0.01018448012232416
0.009414034658511723
0.008128478083588176
0.006612201834862386
0.005177137614678899
0.00400312742099898
0.0031094026503567787
0.002417284403669725
0.001811091743119266
0.001173776758409786
0.00042799286442405705
-0.0004369480122324159
-0.0014042935779816515
-0.0025012589194699287
-0.0037850876656472985
-0.005220715596330275
-0.006633534148827727
-0.00782155249745158
-0.008677592252803262
-0.009193967380224261
-0.009388126401630989
-0.009252097859327216
-0.008751370030581039
-0.007837448521916411
-0.0064678715596330275
-0.004676356778797146
-0.0026741712538226304
-0.0008523792048929664
0.00039961264016309884
0.0009543139653414882
0.00102061875637105
0.0009307319062181448
0.0008584485219164118
0.0007426788990825688
0.0004639551478083588
4.443527013251784e-05
-0.0003791264016309888
-0.0007250835881753313
-0.0010003170234454638
-0.0011696483180428134
-0.0010537339449541285
-0.00042381753312945974
0.0007357054026503568
0.002078007135575943
0.003064728848114169
0.0033093527013251787
0.002808967380224261
0.0018809418960244648
0.0008408858307849134
-0.00025330479102956166
-0.0015113394495412844
-0.002906106014271152
-0.004128117227319062
-0.004714679918450561
-0.004327166156982671
-0.0030040010193679917
-0.0011710611620795108
0.0006369745158002039
0.002092987767584098
0.0031502201834862384
0.0038604322120285423
0.004198576962283384
0.004084349643221203
0.0035218440366972478
0.002684865443425077
0.0018369357798165137
0.0011839908256880733
0.0007999255861365953
0.0006564841997961264
0.0006974709480122325
0.0008675494393476044
0.0011028460754332315
0.0013237910295616718
0.001441803261977574
0.0014157716615698268
0.0013049959225280325
0.0011912609582059124
0.0010409612640163099
0.0006912436289500509
6.145769622833843e-06
-0.0009488990825688073
-0.0019218032619775739
-0.002695645259938838
-0.0032822456676860345
-0.003873676860346585
-0.004580868501529052
-0.005251359836901121
-0.0055946941896024465
-0.005457195718654434
-0.004936340468909276
-0.004248012232415902
-0.003524500509683996
-0.0027558124362895005
-0.0018970152905198778
-0.0009946177370030581
-0.00019956982670744138
0.0003304546381243629
0.0005492772680937819
0.0005551529051987768
0.0004888705402650357
0.0003785575942915392
6.794597349643222e-05
-0.000653316004077472
-0.0018013873598369012
-0.0031157268093781857
-0.004228832823649337
-0.004888264016309888
-0.005047943934760449
-0.004815318042813456
-0.004353907237512742
-0.0038130509683995924
-0.0032824322120285424
-0.0027453190621814475
-0.002042344546381244
-0.0009504148827726809
0.0005918674821610601
0.002353804281345566
0.003974741080530071
0.005231569826707441
0.00605614373088685
0.006334457696228338
0.005873584097859328
0.0045979174311926605
0.002704932721712538
0.0006098114169215086
-0.0012486360856269114
-0.0025485137614678897
-0.003135444444444444
-0.0030604597349643222
-0.0025524240570846076
-0.0018521151885830783
-0.0010526075433231396
-9.492150866462794e-05
0.0011142619775739043
0.0025632415902140677
0.004079909276248726
0.005385601427115188
0.006191216106014271
0.006308268093781855
0.005752932721712538
0.004718730886850153
0.0034135208970438326
0.0019377298674821612
0.0003243007135575943
-0.0013413343527013252
-0.0029090346585117226
-0.0043027665647298674
-0.00559524872579001
-0.0068232252803261985
-0.00774610499490316
-0.007947070336391438
-0.007256689092762487
-0.005997100917431193
-0.00475310499490316
-0.003958278287461774
-0.003706771661569827
-0.003838530071355759
-0.004092692150866463
-0.004185993883792049
-0.0038358338430173294
-0.0028537155963302752
-0.0013157951070336391
0.00042220998980632007
0.0019641070336391436
0.0030955494393476047
0.0037800764525993884
0.0040613333333333335
0.0040484668705402654
0.0039542436289500505
0.004047495412844037
0.004483401630988787
0.005174634046890928
0.005898663608562692
0.006521196738022426
0.007056410805300713
0.007543243628950051
0.007921831804281345
0.00806291641182467
0.007925678899082569
0.007637610601427115
0.007354216106014271
0.007070413863404689
0.006648101936799184
0.0060198929663608566
0.005305599388379204
0.004729854230377166
0.004462114169215087
0.004511860346585118
0.004704183486238533
0.0047314067278287466
0.004293194699286442
0.0032612731906218146
0.001750466870540265
3.7039755351681955e-05
-0.0016090366972477065
-0.0030279296636085626
-0.0041557125382263
-0.004964940876656472
-0.005459537206931702
-0.005717106014271152
-0.005878963302752294
-0.006047701325178389
-0.006182384301732925
-0.0061207013251783895
-0.005721981651376147
-0.004991556574923547
-0.004067316004077472
-0.003085485219164118
-0.0020932803261977575
-0.0011117849133537208
-0.00020881039755351683
0.0005445045871559634
0.0011663598369011212
0.0017538888888888888
0.0023524495412844035
0.0028828185524974515
0.0032316941896024464
0.0033813190621814473
0.003421014271151886
0.003440013251783894
0.0034414699286442405
0.003381284403669725
0.0032307257900101934
0.002940611620795107
0.0024018226299694187
0.001521454638124363
0.00033243323139653413
-0.0010096014271151886
-0.002335572884811417
-0.0035478256880733944
-0.004610713557594292
-0.005497089704383282
-0.0061482395514780835
-0.006448749235474006
-0.006242310907237513
-0.005426725790010194
-0.0040565045871559634
-0.0023454138634046895
-0.00058244750254842
0.0009689164118246687
0.002138927624872579
0.0028658318042813456
0.003180217125382263
0.0031708246687054027
0.0029262844036697247
0.0025020917431192663
0.0019331885830784913
0.0012502364933741081
0.0004941478083588175
-0.0002721946992864424
-0.0009879113149847095
-0.0016362935779816515
-0.0022287288481141693
-0.0027357726809378187
-0.00306456880733945
-0.003107640163098879
-0.002813652395514781
-0.00223572375127421
-0.0015163435270132517
-0.0008231865443425076
-0.00029106625891946994
7.378185524974515e-06
7.718144750254842e-05
2.5178389398572886e-07
-0.0001072579001019368
-0.00015026299694189603
-6.510193679918452e-05
0.00019098267074413864
0.0006440621814475025
0.0013001019367991846
0.0021209266055045874
0.0030038613659531094
0.0037941009174311926
0.004334690112130479
0.004543645259938838
0.004468507645259939
0.004229219164118246
0.003877630988786952
0.0033476258919469927
0.002576088685015291
0.0016508868501529052
0.0007923363914373089
0.0001821743119266055
-0.0001456564729867482
-0.00024174108053007134
-0.00014156472986748215
0.00011715188583078491
0.00044201427115188584
0.0007323343527013251
0.0009720234454638125
0.0012437859327217124
0.0016314495412844037
0.0021079194699286444
0.0025401559633027523
0.0028074801223241593
0.0028840020387359837
0.002819716615698267
0.0027040122324159025
0.002648928644240571
0.002736889908256881
0.002932946992864424
0.0030878114169215084
0.003074433231396534
0.002892763506625892
0.002592277268093782
0.002143546381243629
0.0014804515800203874
0.0006714026503567787
-4.5782874617737e-05
-0.00047941997961264016
-0.0006973251783893986
-0.0009409317023445464
-0.0013128725790010193
-0.0016329215086646278
-0.0016612354740061163
-0.0013977726809378185
-0.0010684811416921507
-0.0008242619775739042
-0.0005349388379204893
5.0596330275229354e-05
0.000960881753312946
0.0018867186544342506
0.0024058114169215085
0.002298946992864424
0.0016753394495412843
0.0008154658511722732
-5.832517838939857e-05
-0.0008363527013251784
-0.0014457155963302753
-0.001829309887869521
-0.002015932721712538
-0.0021609714576962284
-0.0024740744138634046
-0.003087044852191641
-0.003961608562691132
-0.004883929663608563
-0.00555072884811417
-0.00570086748216106
-0.005212815494393476
-0.004145742099898063
-0.0027526625891946994
-0.0014244352701325179
-0.0005156472986748217
-0.0001667675840978593
-0.00028033231396534146
-0.000663295616717635
-0.0011972640163098879
-0.0018930560652395516
-0.002824617737003058
-0.004021222222222222
-0.005362525993883792
-0.006552752293577982
-0.007248813455657492
-0.007251222222222222
-0.006604918450560653
-0.005556056065239552
-0.00438719367991845
-0.003255244648318043
-0.0021768939857288484
-0.0011444678899082568
-0.00024448521916411824
0.00035179102956167175
0.0005207431192660551
0.0002836136595310907
-0.00022297451580020387
-0.0008384434250764527
-0.0014308715596330276
-0.0018799836901121304
-0.0020672670744138633
-0.0019143812436289499
-0.0014256809378185525
-0.000701802242609582
0.00010938430173292559
0.0008983180428134556
0.0016098399592252804
0.0021798532110091744
0.00249606625891947
0.002454117227319062
0.0020647023445463813
0.001480638124362895
0.0008806748216106014
0.00034767686034658515
-8.738328236493374e-05
-0.00031148521916411824
-0.00012378185524974516
0.0005972579001019368
0.0017464250764525995
0.0030301651376146792
0.004125865443425076
0.004782318042813456
0.00481673496432212
0.004135468909276249
0.0028396595310907235
0.0012568307849133537
-0.00023100407747196739
-0.0014262803261977574
-0.0023693649337410807
-0.0031338521916411824
-0.003609874617737003
-0.003568769622833843
-0.0029416472986748218
-0.001973446483180428
-0.001052716615698267
-0.0003989184505606524
2.5763506625891948e-05
0.0003375626911314985
0.0005743404689092763
0.0007064424057084607
0.000699026503567788
0.0005140581039755352
0.00010449133537206932
-0.0005334933741080529
-0.0013054750254841998
-0.002010798165137615
-0.0024200876656472986
-0.002415959225280326
-0.002049683995922528
-0.0014541416921508663
-0.0007161478083588175
0.00013249337410805301
0.0009905779816513762
0.001636045871559633
0.0018577074413863406
0.001638901121304791
0.0011930509683995923
0.0007937737003058104
0.0005897064220183486
0.000578651376146789
0.0006971865443425076
0.0008968909276248727
0.0011327665647298674
0.0013133190621814473
0.0013360611620795106
0.0011820040774719674
0.000948586136595311
0.0007965270132517839
0.000854868501529052
0.0011600091743119267
0.0016623078491335374
0.002240965341488277
0.0027285208970438328
0.002977252803261978
0.0029132772680937817
0.0025350611620795107
0.0018691692150866464
0.0009537196738022425
-0.00011929357798165139
-0.0011692731906218145
-0.001996281345565749
-0.002546670744138634
-0.0029918715596330275
-0.0035709266055045873
-0.004343594291539245
-0.005134600407747197
-0.005721608562691132
-0.006046905198776758
-0.006198464831804282
-0.0062085575942915396
-0.005972832823649337
-0.005379589194699287
-0.00444826503567788
-0.003325992864424057
-0.0021986187563710503
-0.0012406931702344545
-0.0006175208970438329
-0.00045644954128440363
-0.0007521987767584098
-0.0012910876656472986
-0.0017110744138634046
-0.001691112130479103
-0.0011140214067278287
-7.733639143730887e-05
0.0011968634046890928
0.0024660825688073394
0.0035648990825688075
0.004455595310907237
0.005193598369011213
0.005831834862385321
0.006324146788990826
0.006522434250764526
0.006302238532110092
0.005686406727828746
0.004824309887869521
0.0038754984709480126
0.00295459123343527
0.0021440581039755355
0.001475203873598369
0.000915177370030581
0.0004288103975535168
5.866156982670744e-05
-6.784097859327217e-05
0.0001599612640163099
0.0006935708460754333
0.0013068012232415902
0.001750039755351682
0.001909388379204893
0.0018293639143730886
0.0016325433231396535
0.0014477104994903161
0.001406809378185525
0.0016312201834862386
0.0021374892966360857
0.0027867563710499486
0.0033955015290519875
0.0038869755351681958
0.004269312945973496
0.0044856809378185526
0.004394273190621814
0.0039267553516819575
0.0032064230377166158
0.0024805372069317023
0.0019537635066258917
0.0017003598369011213
0.0017134250764525994
0.0019594057084607545
0.00232055249745158
0.0025444587155963303
0.0023596106014271154
0.0016668124362895006
0.0005877451580020387
-0.0006659612640163099
-0.0019241131498470949
-0.0030698848114169212
-0.004014015290519878
-0.004716159021406728
-0.0052048990825688075
-0.0055214903160040775
-0.005631940876656473
-0.005422133537206932
-0.00479622120285423
-0.003760440366972477
-0.0024200254841997963
-0.000950493374108053
0.00041632721712538226
0.0014370489296636087
0.0019652833843017328
0.0020452762487257903
0.0018665443425076452
0.0016001906218144752
0.0012961539245667686
0.0009422915392456677
0.0005765290519877676
0.000279480122324159
6.404587155963302e-05
-0.00014926503567787972
-0.00043860856269113154
-0.0008326697247706422
-0.0013455504587155964
-0.0019812996941896022
-0.00267670744138634
-0.0032772385321100917
-0.003610007135575943
-0.0035704689092762487
-0.0031218358817533126
-0.0022615198776758413
-0.001072512742099898
0.00017933741080530073
0.0010788572884811417
0.0013013180428134558
0.0008572222222222222
6.0506625891946994e-05
-0.000758217125382263
-0.0014763588175331294
-0.002118997961264016
-0.002677804281345566
-0.003084841997961264
-0.003327596330275229
-0.0034861753312945974
-0.003629391437308869
-0.0037316065239551477
-0.0037389898063200817
-0.003683053007135576
-0.003642505606523955
-0.003578809378185525
-0.0033138929663608565
-0.00273420998980632
-0.0019516462793068299
-0.0012029449541284404
-0.0006181987767584098
-0.0001506218144750255
0.0002809663608562691
0.0006684689092762488
0.00096155249745158
0.0011544026503567787
0.0012730958205912333
0.0013345361875637105
0.0013631467889908258
0.0014119215086646278
0.0015191569826707443
0.0016356564729867482
0.0016121957186544342
0.0013136095820591234
0.0007667971457696229
0.00015569418960244649
-0.00033088888888888887
-0.0006187726809378186
-0.0007307288481141692
-0.000684565749235474
-0.0004355932721712538
8.73414882772681e-05
0.0009056472986748216
0.0019257777777777778
0.0029321274209989806
0.003675585117227319
0.0040047573904179404
0.003925420998980632
0.0035694148827726813
0.0031208593272171255
0.0027331335372069317
0.0024683802242609584
0.002287855249745158
0.0020915453618756373
0.0017697400611620796
0.0012626330275229357
0.0006023751274209989
-0.00012028848114169215
-0.0008204678899082569
-0.0014212497451580022
-0.0018141794087665646
-0.0018742650356778797
-0.0015429439347604485
-0.0009014597349643221
-0.0001588103975535168
0.00042962385321100913
0.0006659571865443425
0.0005101916411824668
0.00011514984709480122
-0.00027221100917431193
-0.0004877777777777778
-0.000532802242609582
-0.0005095412844036697
-0.0005120519877675841
-0.0005640632008154944
-0.0006228236493374109
-0.0006146982670744138
-0.00047760040774719675
-0.0002005361875637105
0.00016159633027522935
0.0004879459734964322
0.0006062375127420999
0.0003610519877675841
-0.00028238837920489297
-0.0011859235474006118
-0.0021113302752293578
-0.0028536075433231397
-0.003296253822629969
-0.0034106391437308866
-0.003271918450560652
-0.0030384046890927626
-0.0028465107033639144
-0.002704190621814475
-0.0025172008154943936
-0.0022318532110091743
-0.0019000581039755353
-0.0015879949031600408
-0.001277374108053007
-0.0008825942915392457
-0.0003421783893985729
0.00032311620795107035
0.0010293476044852192
0.0016641172273190621
0.0021008725790010196
0.0022582528032619774
0.0021837991845056067
0.002040921508664628
0.001984109072375127
0.002049176350662589
0.0021799867482161063
0.0023363527013251784
0.0025184627930682976
0.002681873598369011
0.002685312945973496
0.0023838593272171257
0.0017952945973496433
0.0011475810397553517
0.0007113078491335372
0.0005719775739041794
0.0005849357798165138
0.0005453200815494393
0.00037570132517838936
0.00014644240570846077
-4.893985728848114e-05
-0.00019969826707441385
-0.00036662385321100917
-0.0006047645259938838
-0.0009303180428134557
-0.0013628634046890927
-0.0019492558613659532
-0.0027053455657492357
-0.0035389367991845054
-0.004239323139653414
-0.004554826707441386
-0.00433472375127421
-0.0036408980632008157
-0.002706642201834862
-0.001779810397553517
-0.0010175433231396534
-0.00048515494393476044
-0.00018372986748216107
-6.37737003058104e-05
-5.055351681957186e-05
-8.211722731906219e-05
-0.0001102558613659531
-4.543017329255862e-05
0.0002719398572884811
0.0009861406727828747
0.002080406727828746
0.003311662589194699
0.004326204892966361
0.00488497247706422
0.004997589194699286
0.004856197757390418
0.004654625891946994
0.004465553516819572
0.004268655453618757
0.004045256880733945
0.003811336391437309
0.003592261977573904
0.0033898776758409786
0.0031767533129459734
0.002930136595310907
0.002653551478083588
0.002376021406727829
0.002141551478083588
0.0019646340468909276
0.0017794760448521915
0.001445519877675841
0.0008330805300713558
-6.954841997961263e-05
-0.001132433231396534
-0.002165975535168196
-0.0030052059123343525
-0.0035261070336391437
-0.0036396156982670745
-0.003335997961264016
-0.002747325178389399
-0.0021066615698267076
-0.0016024892966360856
-0.0012780744138634048
-0.0010707838939857288
-0.0009166095820591234
-0.0007928277268093782
-0.0006848980632008154
-0.0005620632008154943
-0.00038331702344546377
-0.00010972069317023445
0.0002730815494393476
0.0007274454638124363
0.0011438144750254842
0.001348671763506626
0.0011743231396534148
0.0005682558613659531
-0.0003534413863404689
-0.0013634576962283384
-0.0022600346585117228
-0.0029840071355759427
-0.003609483180428135
-0.00422798369011213
-0.004852518858307849
-0.0054048919469928645
-0.005761391437308869
-0.005822222222222222
-0.005571527013251784
-0.005103995922528032
-0.004604483180428135
-0.0042729204892966366
-0.004221957186544343
-0.0044203985728848115
-0.0047254413863404695
-0.004944340468909276
-0.004886697247706422
-0.004431903160040775
-0.0035865443425076456
-0.0024819306829765545
-0.0013081518858307848
-0.0002383506625891947
0.0006106625891946993
0.0011892660550458717
0.00151489500509684
0.0016753679918450563
0.0018250866462793068
0.0021284943934760446
0.002659498470948012
0.0033546605504587157
0.004073391437308869
0.004681628950050969
0.005072974515800204
0.005173733944954129
0.004979384301732925
0.004569903160040775
0.004055891946992864
0.0034981355759429156
0.0028769582059123347
0.0021365290519877672
0.001281533129459735
0.0004296422018348624
-0.0002595259938837921
-0.0007062711518858308
-0.0009416697247706422
-0.0010313037716615698
-0.001017808358817533
-0.0009442915392456676
-0.0008733394495412844
-0.0008442874617737003
-0.000835158002038736
-0.0007836401630988786
-0.0006499949031600408
-0.00046100407747196736
-0.000280887869520897
-0.0001528664627930683
-8.430377166156983e-05
-6.93323139653415e-05
-0.0001261335372069317
-0.0003175953109072375
-0.0007018919469928644
-0.0012496972477064221
-0.0018312589194699287
-0.0022854169215086647
-0.0025044332313965342
-0.0024658165137614683
-0.0022081804281345566
-0.0017899235474006115
-0.0012597400611620796
-0.0006415219164118247
6.91467889908257e-05
0.000881480122324159
0.0017577512742099897
0.002595498470948012
0.0032882986748216103
0.0037808012232415904
0.004065630988786952
0.0041587808358817535
0.004066297655453618
0.0037697461773700306
0.0032643251783893985
0.002615185524974516
0.0019572048929663607
0.0014152609582059124
0.001026539245667686
0.0007535147808358818
0.0005578644240570846
0.0004375453618756371
0.00039804383282364934
0.0004085840978593272
0.00040614169215086646
0.0003421111111111111
0.00020140163098878694
-2.2889908256880733e-05
-0.0003392456676860346
-0.0007359082568807339
-0.0011546167176350662
-0.0014925677879714578
-0.0016421151885830786
-0.0015408939857288481
-0.001202802242609582
-0.0006976952089704383
-9.221100917431192e-05
0.0005706809378185525
0.0012285973496432212
0.001763149847094801
0.00205196126401631
0.002077925586136595
0.0019518246687054027
0.0018214138634046891
0.0017873547400611622
0.001883953109072375
0.0021053904179408767
0.002426873598369011
0.0027849979612640163
0.003070861365953109
0.0031775606523955146
0.0030680897043832826
0.0028087339449541283
0.002540054026503568
0.002393129459734964
0.0023989490316004077
0.002457843017329256
0.0024031855249745156
0.002134374108053007
0.0017197471967380223
0.0013532354740061162
0.0011927094801223242
0.0012490499490316004
0.0014043343527013253
0.0014963261977573904
0.0014085840978593272
0.001139190621814475
0.000813908256880734
0.0006209724770642202
0.0006744811416921508
0.0008976615698267074
0.001054849133537207
0.0009234464831804281
0.0004563649337410805
-0.00018905198776758412
-0.0007707991845056065
-0.0011192793068297655
-0.00119703873598369
-0.0010530917431192661
-0.0007682232415902141
-0.0004509979612640163
-0.00022881753312945974
-0.00017921100917431192
-0.00027066156982670747
-0.0004060244648318043
-0.0005236554536187563
-0.0006315718654434251
-0.0007393037716615699
-0.000804855249745158
-0.0007875728848114169
-0.0007089459734964322
-0.0006160499490316004
-0.000514453618756371
-0.000366546381243629
-0.00013367482161060143
0.00018900101936799183
0.0005498399592252804
0.0008500468909276249
0.0009893425076452599
0.000904729867482161
0.0005854627930682977
7.581549439347605e-05
-0.0005421213047910296
-0.001187472986748216
-0.0018169683995922527
-0.002430159021406728
-0.0030361559633027523
-0.0036154831804281347
-0.00410839245667686
-0.004420808358817533
-0.004445108053007136
-0.00412149745158002
-0.0035130988786952087
-0.0027902935779816514
-0.002097795107033639
-0.0014482283384301732
-0.0007800346585117227
-9.665749235474006e-05
0.0005019979612640163
0.0009236085626911315
0.0011800448521916411
0.0013656911314984708
0.0015614159021406727
0.0017768114169215087
0.0019747003058103976
0.002126340468909276
0.0022256534148827724
0.0022596462793068295
0.0021927410805300715
0.002005796126401631
0.0017428216106014271
0.0015001783893985729
0.0013749633027522934
0.0014115382262996942
0.001558223241590214
0.001669098878695209
0.0015905769622833843
0.001274316004077472
0.0007963893985728849
0.00026227726809378187
-0.00029881345565749236
-0.000931336391437309
-0.001644138634046891
-0.0023367522935779815
-0.0028571997961264017
-0.003110821610601427
-0.0030979857288481144
-0.002878624872579001
-0.0025317920489296634
-0.002138967380224261
-0.0017754780835881753
-0.001487815494393476
-0.00126486748216106
-0.001058611620795107
-0.0008531885830784914
-0.0006951773700305811
-0.0006543037716615698
-0.0007655637104994903
-0.0010058297655453619
-0.0013072701325178388
-0.001575078491335372
-0.001718164118246687
-0.001714559633027523
-0.0016396004077471969
-0.0015878419979612642
-0.0015718369011213046
-0.001503597349643221
-0.0012741274209989806
-0.0008562283384301733
-0.0003257920489296636
0.00021223139653414881
0.0006914220183486239
0.0010681987767584098
0.0012798583078491336
0.001264250764525994
0.001012211009174312
0.0005752181447502549
2.7265035677879715e-05
-0.0005490540265035679
-0.0010346340468909278
-0.0012891427115188582
-0.0012409398572884812
-0.0009589245667686035
-0.0006174169215086646
-0.0003773567787971458
-0.00029508358817533127
-0.00033829663608562696
-0.0004607482161060143
-0.0006396391437308868
-0.0008445688073394495
-0.0010032232415902141
-0.0010283792048929664
-0.0008766890927624873
-0.0005752619775739041
-0.00020192354740061164
0.00014610703363914372
0.00038230377166156984
0.00047401732925586137
0.00047720795107033636
0.0005130795107033639
0.0006853190621814475
0.0010084760448521917
0.0014163598369011212
0.0018266350662589196
0.002179927624872579
0.0024277920489296635
0.0025254505606523954
0.0024645637104994903
0.00229707747196738
0.002108327217125382
0.0019624505606523957
0.0018637675840978594
0.0017657757390417942
0.0016199439347604485
0.0014226595310907239
0.0012169449541284405
0.001048887869520897
0.0009256738022426095
0.0008054464831804282
0.0006201080530071356
0.000324
-5.865647298674822e-05
-0.00043648827726809375
-0.0007137125382262997
-0.0008646085626911314
-0.0009486044852191641
-0.0010361763506625892
-0.0011182619775739042
-0.0010977614678899083
-0.0008686136595310907
-0.0004117981651376147
0.00017975840978593272
0.0007751335372069317
0.001295097859327217
0.0017255351681957187
0.0020735168195718657
0.0023465066258919467
0.002557481141692151
0.0027013007135575943
0.002713006116207951
0.002477340468909276
0.00190979001019368
0.0010355270132517838
-2.150662589194699e-05
-0.0011198470948012233
-0.002149776758409786
-0.003008354740061162
-0.003573622833843017
-0.0037593465851172275
-0.003612697247706422
-0.003329690112130479
-0.0031302538226299693
-0.003097001019367992
-0.0031408511722731906
-0.0031251967380224264
-0.0030112854230377167
-0.00287519877675841
-0.0028014311926605503
-0.002791124362895005
-0.0027728195718654436
-0.0026730825688073396
-0.0024595474006116206
-0.0021339133537206932
-0.0017195932721712538
-0.0012636156982670744
-0.0008220540265035678
-0.0004174036697247706
-1.7632008154943934e-05
0.0004320927624872579
0.0009664770642201835
0.0015884841997961263
0.0022694984709480124
0.0029334475025484196
0.0034513577981651377
0.003689310907237513
0.0035921182466870536
0.0032310285423037717
0.002768079510703364
0.0023593119266055044
0.0020722854230377165
0.0018839622833843016
0.0017465993883792048
0.0016322691131498471
0.0015065932721712537
0.0012961233435270134
0.0009240265035677879
0.0003889857288481142
-0.00019371967380224262
-0.0006386360856269113
-0.0008055871559633028
-0.000692481141692151
-0.00041145973496432213
-8.226401630988786e-05
0.0002406197757390418
0.0005621580020387359
0.0008869367991845056
0.0011572018348623854
0.0012661365953109073
0.0011491284403669724
0.0008478277268093782
0.00048674209989806315
0.00020243323139653417
7.141386340468908e-05
7.38236493374108e-05
0.00011895820591233435
0.00011265137614678898
9.569826707441386e-06
-0.00019376962283384303
-0.00048399388379204893
-0.0008189592252803261
-0.0011156462793068297
-0.0012912395514780837
-0.0013311121304791027
-0.0012984322120285423
-0.0012548256880733945
-0.0011705423037716616
-0.0009424566768603466
-0.0005169847094801223
3.284913353720693e-05
0.0005719418960244649
0.0010361314984709481
0.0014823843017329255
0.002002172273190622
0.002576794087665647
0.0030340010193679917
0.0031905392456676863
0.0030326799184505608
0.002736180428134557
0.0025238583078491337
0.0025104169215086646
0.0026458644240570845
0.0027661029561671766
0.0026945096839959227
0.002332196738022426
0.001709571865443425
0.0009708440366972477
0.00027774108053007135
-0.00028960040774719673
-0.0007319102956167176
-0.0010403873598369012
-0.0011394729867482162
-0.0009496218144750255
-0.0004969286442405708
5.2927624872579004e-05
0.0004646330275229358
0.0005594974515800204
0.0003104444444444444
-0.00015897859327217127
-0.000657466870540265
-0.0010288481141692153
-0.0012212945973496434
-0.0012943802242609583
-0.0013619510703363914
-0.0015032528032619776
-0.0017023567787971458
-0.001874737003058104
-0.001958788990825688
-0.00196480122324159
-0.0019375372069317025
-0.0018955372069317023
-0.0018173700305810397
-0.0016779796126401632
-0.0014887115188583079
-0.0013069592252803262
-0.0012122782874617738
-0.001255506625891947
-0.0014020285423037716
-0.0015225219164118247
-0.0014594587155963303
-0.0011327308868501528
-0.0006056880733944954
-4.804179408766564e-05
0.00038507135575942915
0.0006458766564729867
0.0007801732925586136
0.0008671600407747197
0.0009900030581039756
0.0012139072375127423
0.0015374301732925587
0.0018600448521916412
0.0020259490316004076
0.0019368277268093782
0.0016425891946992865
0.0012985606523955146
0.0010162874617737003
0.0007795076452599388
0.0004951610601427115
9.861162079510703e-05
-0.00038407747196738025
-0.0008611997961264016
-0.0012362283384301732
-0.0014396330275229358
-0.0014445626911314985
-0.00128027624872579
-0.0010205382262996941
-0.0007494271151885831
-0.0005310784913353721
-0.00040456880733944953
-0.0003852150866462793
-0.0004478236493374108
-0.0005160244648318043
-0.0004938807339449541
-0.0003305249745158002
-5.4041794087665645e-05
0.0002617594291539246
0.0005548124362895004
0.0008004862385321101
0.0009939683995922528
0.0011264108053007135
0.00119493374108053
0.0012252701325178388
0.0012576085626911314
0.0013060581039755351
0.0013468287461773701
0.0013475739041794088
0.001299571865443425
0.0012120428134556574
0.001083006116207951
0.0009030203873598368
0.0006885504587155963
0.0004915820591233435
0.0003684189602446483
0.00033593985728848114
0.00035688277268093783
0.00037018042813455657
0.00032876554536187563
0.00020244852191641182
-2.8164118246687056e-05
-0.00034946177370030583
-0.0006949449541284404
-0.0009715015290519877
-0.001104401630988787
-0.00105797247706422
-0.0008397981651376146
-0.0005035881753312946
-0.00013976350662589195
0.00015614576962283386
0.0003258705402650357
0.00038158715596330273
0.00040203567787971457
0.0004793843017329256
0.0006534413863404689
0.0008899857288481142
0.0011176819571865444
0.0012764821610601427
0.0013380530071355758
0.0013003863404689093
0.0011738899082568807
0.0009650876656472987
0.0006657013251783894
0.0002629785932721712
-0.00023284301732925586
-0.000766592252803262
-0.0012383577981651375
-0.0015400152905198777
-0.001617316004077472
-0.0015154750254841997
-0.0013598837920489298
-0.0012633843017329255
-0.001242630988786952
-0.0012242884811416923
-0.0011321284403669725
-0.0009636880733944954
-0.000781874617737003
-0.00065434250764526
-0.0006102018348623854
-0.0006381681957186544
-0.0007118430173292558
-0.0008097930682976555
-0.0009164556574923548
-0.0010270101936799185
-0.0011587675840978595
-0.00134027624872579
-0.001575
-0.0018223527013251784
-0.0020268990825688072
-0.002153678899082569
-0.002180495412844037
-0.0020788389398572883
-0.001833914373088685
-0.0014824495412844036
-0.0011158501529051987
-0.0008351681957186545
-0.0006891274209989807
-0.0006438613659531091
-0.000614158002038736
-0.0005334464831804281
-0.0003950917431192661
-0.00022797859327217126
-5.0773700305810395e-05
0.0001432966360856269
0.00036768399592252804
0.0006071671763506626
0.000807295616717635
0.0009184026503567788
0.0009495871559633027
0.000964611620795107
0.001026711518858308
0.0011584841997961265
0.0013476075433231397
0.0015690254841997963
0.001784283384301733
0.0019328328236493375
0.001956098878695209
0.0018344566768603466
0.0015937217125382263
0.0012853343527013251
0.0009610703363914373
0.0006541202854230377
0.00037446788990825686
0.00012105402650356778
-9.7203873598369e-05
-0.00025509174311926603
-0.0003270570846075433
-0.0003060112130479103
-0.00021288175331294595
-9.680530071355759e-05
-2.425586136595311e-05
-4.464118246687054e-05
-0.00014918042813455657
-0.0002733323139653415
-0.000350493374108053
-0.0003611100917431192
-0.00032737818552497453
-0.0002776829765545362
-0.0002323965341488277
-0.00020471967380224261
-0.00019055351681957186
-0.00016621610601427116
-0.00012056371049949031
-8.872782874617736e-05
-0.0001413037716615698
-0.00032845565749235474
-0.000622638124362895
-0.0009257451580020387
-0.0011356095820591234
-0.0011929612640163099
-0.0010844923547400612
-0.0008423211009174311
-0.0005443302752293578
-0.0002980295616717635
-0.00019822120285423037
-0.00025601223241590213
-0.0003614097859327217
-0.0003518644240570846
-0.00013695922528032621
0.00025202344546381247
0.0007220020387359837
0.00118720998980632
0.0015814974515800204
0.0018537716615698269
0.0019825270132517838
0.0019846564729867483
0.0018959082568807339
0.001740992864424057
0.0015356727828746176
0.0013174689092762487
0.0011453608562691131
0.0010448430173292558
0.0009592793068297655
0.0007847400611620795
0.0004756992864424057
0.00010929153924566769
-0.00017726605504587157
-0.000311750254841998
-0.00033448827726809377
-0.00033448827726809377
-0.00036985219164118247
-0.0004425973496432212
-0.0005133771661569827
-0.0005291141692150866
-0.00044777879714576966
-0.00025390621814475023
3.193781855249745e-05
0.0003584291539245668
0.0006603211009174312
0.0008712079510703365
0.0009427757390417941
0.0008684974515800203
0.0006917512742099898
0.0004854250764525994
0.0003102640163098879
0.0001891896024464832
0.00011887971457696228
9.114373088685015e-05
9.158511722731905e-05
9.189296636085628e-05
6.54525993883792e-05
2.1238532110091743e-05
1.2326197757390418e-05
8.842507645259939e-05
0.00023166768603465851
0.0003524169215086646
0.0003599510703363914
0.00023156269113149848
1.4221202854230377e-05
-0.0002234230377166157
-0.0004339704383282365
-0.0006049429153924566
-0.000747973496432212
-0.0008781896024464832
-0.0010012415902140672
-0.0011138460754332314
-0.001202308868501529
-0.0012366462793068297
-0.001189374108053007
-0.001067474006116208
-0.0009136289500509684
-0.000780329255861366
-0.0007016483180428134
-0.000672283384301733
-0.0006499398572884812
-0.0006000672782874618
-0.0005510407747196739
-0.0005785942915392456
-0.0007171590214067278
-0.0009035005096839959
-0.001021020387359837
-0.0009856156982670744
-0.0007829266055045872
-0.0004481987767584098
-4.01243628950051e-05
0.00036379306829765546
0.0006746676860346585
0.0008278073394495412
0.0008249102956167176
0.0007322793068297655
0.0006304821610601428
0.0005671182466870541
0.0005460805300713557
0.0005411162079510703
0.0005179755351681957
0.00046141896024464834
0.000384466870540265
0.00031725076452599393
0.00029051783893985726
0.00031660142711518855
0.0003792385321100917
0.0004417981651376147
0.00047133944954128444
0.00045504892966360857
0.00039795820591233434
0.0003182742099898063
0.00024293374108053009
0.00018970234454638126
0.00013534454638124363
7.235474006116208e-06
-0.0002614322120285423
-0.0006575321100917432
-0.001075177370030581
-0.0013735107033639143
-0.0014523445463812436
-0.001299092762487258
-0.0009936952089704383
-0.0006711029561671764
-0.0004499102956167176
-0.00036398980632008156
-0.00035244852191641183
-0.0003174841997961264
-0.00019701019367991844
-1.6890927624872579e-06
0.00020238430173292557
0.0003531406727828746
0.00044186034658511724
0.0005105708460754333
0.0006173343527013252
0.0007990886850152905
0.0010461722731906218
0.0013136340468909277
0.0015569398572884811
0.0017511019367991846
0.0018862497451580021
0.0019584740061162078
0.0019659398572884814
0.0019045647298674823
0.0017659449541284403
0.0015439123343527013
0.0012493792048929664
0.0009277257900101937
0.0006521213047910296
0.0004784281345565749
0.00040456880733944953
0.0003726687054026504
0.00030530581039755355
0.00014400509683995923
-0.0001337308868501529
-0.0005132517838939857
-0.0009437624872579
-0.001345058103975535
-0.0016370764525993884
-0.0017862385321100918
-0.001823676860346585
-0.0018117859327217126
-0.0017919928644240571
-0.001759651376146789
-0.0016860499490316005
-0.0015631396534148826
-0.001420546381243629
-0.0013012579001019369
-0.0012282925586136594
-0.0011954434250764526
-0.0011833435270132517
-0.0011791284403669725
-0.0011823506625891946
-0.0011856687054026503
-0.0011548256880733944
-0.001049283384301733
-0.0008679062181447502
-0.000665920489296636
-0.0005186381243628951
-0.0004680795107033639
-0.0005076574923547401
-0.0006100020387359837
-0.0007598195718654435
-0.0009509429153924567
-0.0011431233435270133
-0.0012472803261977573
-0.0011847971457696227
-0.0009533445463812437
-0.0006208695208970438
-0.0002684362895005097
4.254638124362895e-05
0.0002632803261977574
0.00035220897043832823
0.0002975749235474006
0.00014451172273190622
-1.9254841997961265e-05
-0.00011527726809378185
-0.00010586340468909276
1.4464831804281345e-05
0.00022182262996941896
0.00045553924566768604
0.00064617125382263
0.0007727461773700305
0.0008806126401630989
0.0010271294597349644
0.0012087808358817531
0.001350954128440367
0.0013690876656472987
0.0012280316004077473
0.0009491620795107033
0.0005801549439347604
0.00017196534148827724
-0.00020806625891946993
-0.00046208970438328233
-0.0005013608562691132
-0.00031023649337410804
4.33190621814475e-05
0.0004580224260958206
0.0008445840978593272
0.0011275677879714577
0.0012373893985728847
0.0011252201834862387
0.0007921406727828745
0.0003036197757390418
-0.00023230682976554539
-0.0007019847094801223
-0.0010142344546381244
-0.001123184505606524
-0.0010444291539245668
-0.0008415117227319062
-0.000579683995922528
-0.0002908593272171254
2.0608562691131496e-05
0.0003557094801223242
0.0007073109072375128
0.0010489898063200814
0.0013252905198776759
0.0014650897043832823
0.001425750254841998
0.001230729867482161
0.0009533934760448522
0.0006629908256880734
0.00039193781855249746
0.0001457176350662589
-6.910499490316004e-05
-0.00023401019367991845
-0.0003288114169215087
-0.0003390958205912334
-0.0002554892966360856
-7.541488277268094e-05
0.00018823241590214067
0.0004971467889908256
0.0007936197757390419
0.0010241529051987768
0.0011452426095820592
0.001112131498470948
0.0008937869520897043
0.0005113598369011213
5.560652395514781e-05
-0.00035162283384301737
-0.0006334311926605504
-0.0007997808358817533
-0.0009126941896024464
-0.0010225891946992864
-0.0011397145769622835
-0.0012431539245667685
-0.001303908256880734
-0.0013012191641182467
-0.0012207787971457696
-0.0010482150866462795
-0.0007838776758409785
-0.00046459021406727825
-0.0001588103975535168
5.743221202854231e-05
0.0001295117227319062
5.625382262996942e-05
-0.00010416207951070336
-0.0002765830784913354
-0.00042126401630988787
-0.0005479194699286443
-0.0006878338430173292
-0.0008483068297655453
-0.0009939082568807339
-0.0010824841997961264
-0.0011070448521916412
-0.0010903058103975535
-0.0010528470948012233
-0.001003763506625892
-0.0009558939857288481
-0.0009245912334352701
-0.0009018399592252802
-0.0008518888888888889
-0.0007537787971457696
-0.0006446890927624873
-0.0005974118246687055
-0.0006409694189602447
-0.0007157747196738023
-0.0007187278287461774
-0.0005901304791029562
-0.00036070132517838937
-0.0001224862385321101
3.8443425076452605e-05
8.134556574923547e-05
6.762487257900102e-06
-0.0001564862385321101
-0.000352874617737003
-0.0005089867482161059
-0.00056772375127421
-0.0005229296636085626
-0.0004107859327217125
-0.00026959531090723753
-0.00012136799184505607
1.7337410805300713e-05
0.0001293914373088685
0.00021177879714576962
0.0002905718654434251
0.00040867074413863404
0.0005896850152905199
0.0008131162079510703
0.0010203455657492354
0.0011400815494393476
0.001125474006116208
0.0009894892966360856
0.0008014954128440368
0.0006393853211009175
0.0005394689092762487
0.00048542201834862384
0.00044158613659531096
0.000395796126401631
0.00037129357798165133
0.0004020499490316004
0.0005077522935779817
0.0006881681957186545
0.0009190693170234455
0.0011445474006116208
0.0012857268093781856
0.0012698532110091744
0.0010672864424057084
0.000715901121304791
0.0003031090723751274
-8.370234454638125e-05
-0.00039046585117227323
-0.0005925188583078492
-0.0006779571865443426
-0.0006502874617737004
-0.0005439347604485219
-0.0004166177370030581
-0.00030683078491335373
-0.00019724159021406728
-2.8355759429153927e-05
0.0002465137614678899
0.0006176727828746177
0.0010238501529051987
0.0013906738022426096
0.0016623598369011213
0.0018072915392456676
0.0018113241590214067
0.0016801396534148827
0.001450887869520897
0.0011882935779816512
0.0009527635066258919
0.0007642283384301734
0.000597559633027523
0.00041782364933741083
0.0002220876656472987
4.429153924566769e-05
-8.684199796126402e-05
-0.00019135168195718653
-0.0003225820591233435
-0.0005042008154943935
-0.0006937329255861367
-0.0008121977573904179
-0.000802729867482161
-0.0006670091743119266
-0.00046375025484199795
-0.0002766085626911315
-0.00017435575942915393
-0.00018287461773700307
-0.0002777145769622834
-0.0004012844036697248
-0.0004935514780835882
-0.0005165790010193679
-0.00046215290519877674
-0.0003480825688073395
-0.00021180937818552497
-0.00010253618756371049
-6.519571865443425e-05
-0.00010951070336391437
-0.00018846279306829764
-0.00022132415902140673
-0.0001580632008154944
-2.555249745158002e-05
9.983384301732925e-05
0.00015793781855249743
0.0001359500509683996
5.391029561671764e-05
-5.8607543323139656e-05
-0.00017411824668705402
-0.0002759347604485219
-0.00036651783893985727
-0.00045612945973496434
-0.0005335902140672784
-0.0005588888888888889
-0.0004964954128440367
-0.0003541498470948012
-0.0001804301732925586
-2.6365953109072374e-05
8.304791029561672e-05
0.00014500101936799185
0.0001617400611620795
0.0001378644240570846
9.202548419979612e-05
6.00091743119266e-05
7.70835881753313e-05
0.00015347400611620795
0.00027091131498470947
0.00040311111111111114
0.0005304841997961264
0.0006379174311926606
0.0007111651376146789
0.0007362650356778798
0.000698849133537207
0.0005946269113149847
0.0004525341488277268
0.0003363730886850153
0.00030631294597349647
0.00037317023445463814
0.0004907359836901122
0.0005953068297655453
0.0006532568807339449
0.0006708797145769623
0.0006630285423037716
0.0006249062181447503
0.0005440948012232416
0.0004320122324159022
0.00032728644240570846
0.00026816717635066257
0.0002733598369011213
0.0003452110091743119
0.0004732996941896025
0.0006263516819571865
0.0007545372069317024
0.000813177370030581
0.0007820020387359838
0.0006699500509683996
0.0005103843017329255
0.00034118348623853213
0.00018622935779816514
5.3439347604485216e-05
-6.220183486238532e-05
-0.00017237920489296637
-0.00027986952089704384
-0.00036905402650356774
-0.0004192262996941896
-0.00042355045871559635
-0.00038935474006116205
-0.00032479714576962287
-0.00023613761467889907
-0.0001440112130479103
-9.037308868501529e-05
-0.00011135474006116208
-0.00020298980632008155
-0.00032990621814475024
-0.0004739225280326198
-0.0006544199796126401
-0.0008850407747196739
-0.0011248705402650359
-0.0012953007135575944
-0.0013458307849133536
-0.0012894709480122325
-0.0011769643221202853
-0.0010524189602446484
-0.0009324811416921509
-0.0008127543323139654
-0.0006821478083588175
-0.0005334199796126402
-0.00037609378185524974
-0.0002466401630988787
-0.0001875514780835882
-0.00019754943934760448
-0.00020804892966360856
-0.0001264413863404689
8.98980632008155e-05
0.00040287767584097856
0.0007297828746177371
0.000998387359836901
0.0011698827726809378
0.001233881753312946
0.0012026330275229358
0.0011053374108053007
0.0009697461773700305
0.0007985739041794088
0.0005709959225280326
0.00027877675840978593
-4.038430173292558e-05
-0.00031611314984709483
-0.000495440366972477
-0.0005775188583078491
-0.0006009255861365953
-0.0006063679918450561
-0.0006172242609582059
-0.0006405657492354741
-0.0006718348623853212
-0.00069951376146789
-0.0007108664627930683
-0.000695164118246687
-0.0006433924566768603
-0.0005525820591233435
-0.00043294699286442406
-0.0003041783893985729
-0.00017847808358817532
-5.015494393476045e-05
9.093883792048929e-05
0.00023408766564729868
0.0003414322120285423
0.00037264424057084606
0.00031971661569826706
0.00022245973496432214
0.00014748318042813455
0.00013855453618756368
0.00018231396534148828
0.00022312844036697247
0.00020903567787971457
0.00012933027522935782
1.9122324159021407e-05
-6.925891946992864e-05
-0.000101927624872579
-7.598267074413862e-05
-9.716615698267076e-06
7.272680937818553e-05
0.00015421508664627932
0.00023028542303771661
0.0003052742099898063
0.00038575535168195715
0.0004713098878695209
0.000547211009174312
0.0005942966360856269
0.0006016167176350662
0.0005611997961264016
0.00046337003058103977
0.00031126605504587155
0.00013613965341488277
-1.0671763506625892e-05
-8.834964322120285e-05
-9.501936799184506e-05
-6.689500509683996e-05
-4.66289500509684e-05
-5.042915392456677e-05
-6.438430173292558e-05
-6.310295616717635e-05
-2.685321100917431e-05
4.697553516819572e-05
0.0001296768603465851
0.00016343628950050968
0.00010003873598369011
-5.258409785932722e-05
-0.0002267054026503568
-0.00034843119266055045
-0.0003990733944954128
-0.00042348318042813456
-0.0004855881753312946
-0.0006219969418960245
-0.0008262456676860347
-0.0010581743119266055
-0.0012696921508664628
-0.0014336829765545364
-0.001552888888888889
-0.0016385728848114169
-0.0016774791029561672
-0.0016281620795107034
-0.0014605963302752292
-0.0011976055045871562
-0.0009115219164118247
-0.0006766819571865444
-0.000520908256880734
-0.0004200560652395515
-0.0003341029561671764
-0.00023946483180428135
-0.00012770948012232416
1.210295616717635e-05
0.00019654434250764526
0.0004283302752293578
0.000676710499490316
0.0008893608562691132
0.0010298929663608563
0.0010991559633027521
0.001118334352701325
0.0010971029561671762
0.0010214678899082568
0.0008698644240570846
0.0006407247706422018
0.00036508460754332316
9.424974515800203e-05
-0.00012537716615698265
-0.00027046687054026506
-0.000343737003058104
-0.00036726299694189604
-0.0003711335372069317
-0.000376954128440367
-0.000382072375127421
-0.0003621855249745158
-0.0002954026503567788
-0.0001846014271151886
-5.323445463812436e-05
8.04750254841998e-05
0.00021950764525993885
0.00037547706422018346
0.0005473098878695209
0.000720716615698267
0.0008837023445463812
0.0010288735983690113
0.0011371162079510703
0.00117438124362895
0.001119710499490316
0.0009951365953109073
0.0008564576962283384
0.0007482293577981651
0.0006654923547400612
0.0005568532110091743
0.00037252089704383287
0.00011416004077471967
-0.00016228134556574923
-0.00038206727828746175
-0.0004895463812436289
-0.00047041794087665647
-0.00035312334352701326
-0.00019008562691131498
-3.212945973496432e-05
8.818450560652396e-05
0.00015580632008154946
0.00016207135575942915
0.0001029164118246687
-7.910295616717636e-06
-0.0001304138634046891
-0.00021723445463812436
-0.0002487094801223242
-0.0002489215086646279
-0.00026565953109072377
-0.0003296901121304791
-0.00043062793068297654
-0.0005289184505606524
-0.0005832313965341489
-0.000571868501529052
-0.0005025219164118247
-0.00040464933741080533
-0.00030939551478083587
-0.00023426197757390416
-0.00018108256880733944
-0.00014055249745158002
-9.35474006116208e-05
-1.3900101936799185e-05
0.00011569317023445463
0.000282158002038736
0.0004431743119266055
0.000559710499490316
0.0006288807339449541
0.0006782313965341488
0.000728407747196738
0.0007732201834862385
0.0007958205912334352
0.000789203873598369
0.0007539001019367992
0.0006827471967380224
0.0005555942915392457
0.00035363710499490314
8.082262996941896e-05
-0.0002302395514780836
-0.0005299306829765546
-0.0007666197757390418
-0.0009039836901121305
-0.0009420234454638124
-0.0009199643221202854
-0.0008859266055045872
-0.0008584923547400611
-0.0008137186544342508
-0.0007120468909276249
-0.0005441192660550459
-0.00034796738022426096
-0.00018132008154943935
-8.260652395514781e-05
-6.02150866462793e-05
-0.00010237512742099899
-0.00018119571865443424
-0.00026038124362895003
-0.00031437920489296636
-0.00033716921508664626
-0.0003352670744138634
-0.00032184913353720693
-0.0003118929663608563
-0.00031513353720693166
-0.0003356432212028542
-0.00037431804281345564
-0.00042544648318042813
-0.00047290112130479105
-0.0004963476044852191
-0.00048489704383282363
-0.00044572884811416917
-0.00039577675840978595
-0.0003443516819571866
-0.00028899796126401634
-0.00022517533129459737
-0.0001562650356778797
-9.533843017329256e-05
-5.534964322120285e-05
-3.5782874617737e-05
-2.4856269113149846e-05
-1.8865443425076452e-05
-3.185626911314985e-05
-8.017227319062181e-05
-0.00016246483180428135
-0.00026098063200815497
-0.00035960550458715595
-0.000454289500509684
-0.0005414067278287462
-0.000598400611620795
-0.0005872415902140674
-0.0004848786952089704
-0.0003103761467889908
-0.00012058511722731906
2.6139653414882773e-05
0.00011163404689092762
0.00016863098878695207
0.0002487787971457696
0.0003772181447502549
0.0005352099898063201
0.0006826177370030581
0.0007894189602446483
0.0008439816513761468
0.000841098878695209
0.0007763618756371051
0.0006568919469928644
0.0005060316004077472
0.00034952089704383285
0.0002031834862385321
7.586034658511722e-05
-2.0450560652395514e-05
-6.999286442405709e-05
-6.941488277268095e-05
-3.755249745158002e-05
3.09683995922528e-06
4.821100917431192e-05
0.00010534964322120285
0.00017034964322120287
0.00021783893985728847
0.00022007543323139653
0.0001740611620795107
0.00010542813455657493
4.651987767584098e-05
1.7345565749235475e-05
2.660958205912334e-05
8.306422018348625e-05
0.00019768297655453618
0.00037053924566768603
0.0005779490316004077
0.0007748990825688073
0.0009131131498470948
0.0009607747196738023
0.0009064678899082568
0.0007535912334352701
0.0005231783893985729
0.0002575331294597349
8.835881753312947e-06
-0.0001843302752293578
-0.0003153985728848114
-0.0004055382262996942
-0.00048396636085626914
-0.0005712507645259939
-0.0006705677879714578
-0.0007703190621814475
-0.0008580448521916411
-0.0009332313965341488
-0.001004282364933741
-0.0010728083588175332
-0.0011257482161060144
-0.0011428888888888888
-0.0011052375127420999
-0.0009986299694189603
-0.0008210193679918451
-0.0005896992864424057
-0.00033687869520897045
-9.213149847094802e-05
0.00013123241590214067
0.00033047502548419976
0.0005017675840978593
0.0006390937818552498
0.0007388379204892967
0.0008020998980632009
0.000832927624872579
0.0008290417940876656
0.0007737614678899082
0.0006499745158002039
0.00046555657492354735
0.0002580937818552498
7.360040774719674e-05
-5.695412844036697e-05
-0.00012548318042813456
-0.00014468909276248726
-0.00014276350662589194
-0.0001517196738022426
-0.00019143628950050968
-0.00026008766564729867
-0.0003395249745158002
-0.00041094699286442406
-0.0004675861365953109
-0.0005132130479102956
-0.0005499439347604485
-0.0005719204892966362
-0.0005728817533129459
-0.0005579520897043834
-0.0005420428134556575
-0.0005327563710499491
-0.0005165851172273191
-0.00046686238532110094
-0.00036671763506625893
-0.00022454128440366973
-6.828134556574924e-05
7.494495412844037e-05
0.00019497451580020387
0.00029793577981651376
0.000395177370030581
0.0004955749235474006
0.0006033109072375128
0.0007150346585117227
0.0008163863404689093
0.000887434250764526
0.0009151304791029561
0.0009003047910295616
0.0008573231396534148
0.0008097451580020387
0.0007855677879714578
0.0008117777777777778
0.0009001467889908257
0.0010315219164118246
0.0011617482161060144
0.0012490601427115188
0.0012772313965341488
0.001255593272171254
0.0012014709480122326
0.0011240091743119267
0.0010185096839959225
0.00086931498470948
0.0006583343527013252
0.0003781386340468909
4.728236493374108e-05
-0.0002868318042813456
-0.0005686024464831805
-0.0007656330275229358
-0.0008837054026503568
-0.000952420998980632
-0.0009993547400611621
-0.0010366360856269112
-0.0010612161060142712
-0.0010576992864424057
-0.001004993883792049
-0.0008961202854230378
-0.0007574199796126402
-0.0006374454638124362
-0.0005707838939857288
-0.0005558328236493373
-0.000567039755351682
-0.0005834424057084607
-0.0005993404689092762
-0.0006098562691131499
-0.0006007339449541284
-0.0005624811416921508
-0.0005042324159021406
-0.0004418277268093782
-0.00038232721712538225
-0.0003290764525993884
-0.00029227013251783895
-0.0002854087665647299
-0.0003097991845056065
-0.0003430142711518858
-0.0003468073394495413
-0.00029396024464831805
-0.00019127930682976554
-7.479204892966361e-05
1.567889908256881e-05
5.946075433231397e-05
6.557798165137615e-05
6.707645259938838e-05
9.786136595310907e-05
0.00016993577981651376
0.0002718827726809378
0.0003838705402650357
0.0004904057084607543
0.0005819785932721712
0.0006493496432212029
0.0006788685015290519
0.0006558012232415903
0.0005747563710499491
0.0004499775739041794
0.0003162415902140673
0.00021699796126401633
0.00018453109072375128
0.0002201478083588175
0.00028818348623853215
0.00033604689092762486
0.0003267737003058104
0.00025514780835881755
0.00013877166156982672
1.6666666666666667e-06
-0.0001332150866462793
-0.000243144750254842
-0.00030439245667686034
-0.0003004770642201835
-0.00023688990825688076
-0.00014602242609582057
-6.99480122324159e-05
-3.168297655453619e-05
-2.3056065239551477e-05
-2.03914373088685e-05
-7.151885830784913e-06
1.9811416921508667e-05
6.04638124362895e-05
0.00011862079510703364
0.00019153109072375129
0.0002554271151885831
0.00027234250764525994
0.00022024362895005096
0.00011366258919469929
-1.1935779816513762e-05
-0.00013091437308868504
-0.0002340611620795107
-0.00031207951070336387
-0.00034998165137614684
-0.00034326809378185525
-0.0003085912334352701
-0.0002696472986748216
-0.00023567074413863407
-0.0001984485219164118
-0.00014798267074413862
-8.800203873598369e-05
-3.5852191641182464e-05
-6.9164118246687055e-06
-2.9357798165137617e-07
1.275229357798165e-06
2.347604485219164e-05
9.111926605504587e-05
0.00021276554536187563
0.00036862385321100917
0.0005216829765545361
0.0006456625891946993
0.0007363088685015291
0.0007953720693170234
0.0008139429153924567
0.0007786748216106014
0.0006928063200815494
0.000579908256880734
0.00046001019367991847
0.0003316717635066259
0.00018958715596330275
5.286136595310907e-05
-3.924464831804281e-05
-6.219164118246688e-05
-2.906829765545362e-05
2.3539245667686036e-05
6.679102956167176e-05
9.301529051987768e-05
0.00010310295616717635
9.333843017329256e-05
5.931396534148828e-05
2.1702344546381244e-06
-7.624159021406728e-05
-0.00017377777777777777
-0.00027357186544342505
-0.0003366534148827727
-0.000322973496432212
-0.00022412334352701327
-7.170336391437308e-05
8.757798165137614e-05
0.00022144342507645262
0.0003157268093781855
0.00035750356778797143
0.00032849643221202854
0.00022059123343527015
5.3478083588175334e-05
-0.00012819979612640163
-0.0002768980632008155
-0.00036275942915392457
-0.00038406116207951067
-0.00036753312945973494
-0.0003530713557594291
-0.00036967787971457696
-0.00041997757390417937
-0.0004859113149847095
-0.000547775739041794
-0.000593177370030581
-0.0006110010193679919
-0.0005882579001019368
-0.0005215555555555556
-0.000427270132517839
-0.00033249235474006115
-0.00025752599388379204
-0.00020833639143730888
-0.000180565749235474
-0.00016657084607543324
-0.00016174515800203876
-0.00016709072375127422
-0.00018394087665647298
-0.00020281855249745158
-0.00019892252803261978
-0.0001474413863404689
-4.855555555555556e-05
6.490825688073394e-05
0.00014772171253822627
0.0001725586136595311
0.00014148725790010195
7.143832823649338e-05
-2.1815494393476045e-05
-0.00012313455657492355
-0.0002126085626911315
-0.00027161365953109074
-0.0002974057084607543
-0.00030686442405708465
-0.00032030682976554536
-0.0003419133537206932
-0.00035587971457696224
-0.00033901223241590214
-0.0002781202854230377
-0.00017752395514780835
-5.387971457696228e-05
7.172782874617737e-05
0.00018105606523955147
0.00026422935779816517
0.00031812742099898066
0.0003396452599388379
0.00032366156982670746
0.000270579001019368
0.00019467074413863404
0.00012092660550458716
7.190417940876656e-05
5.845769622833843e-05
8.396941896024465e-05
0.00015280020387359837
0.00026761875637104995
0.00042129051987767585
0.0005969102956167176
0.0007752945973496432
0.0009387920489296635
0.00106772375127421
0.0011390560652395514
0.0011336819571865443
0.001044125382262997
0.0008746411824668705
0.0006401478083588176
0.0003700825688073395
0.00010756065239551477
-0.00010730275229357797
-0.00025793577981651376
-0.000355598369011213
-0.00042517940876656473
-0.00048493985728848113
-0.000536012232415902
-0.0005684138634046891
-0.000573605504587156
-0.000549638124362895
-0.0004980122324159021
-0.00042099490316004073
-0.0003242986748216106
-0.00022130886850152905
-0.0001292599388379205
-5.890927624872579e-05
-9.061162079510703e-06
2.7813455657492355e-05
5.6388379204892967e-05
7.950050968399593e-05
0.00010573394495412844
0.00014865545361875636
0.00021727217125382264
0.00030617125382262995
0.00039445158002038733
0.000459769622833843
0.000496565749235474
0.0005204658511722731
0.0005554138634046892
0.0006156860346585117
0.0006974974515800204
0.0007861172273190621
0.0008682905198776758
0.0009347706422018348
0.0009751060142711519
0.0009765433231396533
0.0009285341488277268
0.0008298674821610602
0.0006950672782874618
0.000552460754332314
0.00043147298674821614
0.00034730682976554536
0.00029587359836901123
0.0002634729867482161
0.0002365677879714577
0.00020229765545361875
0.00014962181447502546
7.388379204892967e-05
-2.2702344546381244e-05
-0.00013633843017329256
-0.0002662528032619776
-0.0004079949031600408
-0.0005420387359836901
-0.0006399235474006116
-0.0006871630988786952
-0.0006935280326197758
-0.0006781202854230378
-0.0006486697247706422
-0.000598441386340469
-0.0005218470948012233
-0.0004277461773700306
-0.000334592252803262
-0.00025460550458715595
-0.00018703975535168196
-0.0001309184505606524
-9.836697247706422e-05
-0.00010237512742099899
-0.0001322395514780836
-0.00015385321100917432
-0.00013886340468909279
-8.925484199796126e-05
-3.092150866462793e-05
1.1520897043832824e-05
2.7511722731906218e-05
1.4985728848114169e-05
-2.5458715596330275e-05
-8.556167176350663e-05
-0.00014349643221202855
-0.00017229765545361876
-0.0001593822629969419
-0.00011557900101936799
-6.399184505606524e-05
-2.162487257900102e-05
1.3093781855249746e-05
5.693170234454638e-05
0.00012030071355759429
0.0001854954128440367
0.00021072273190621816
0.00016449235474006116
5.644852191641183e-05
-7.18256880733945e-05
-0.00018384709480122322
-0.00027160652395514785
-0.00034649847094801224
-0.0004162823649337411
-0.0004777155963302752
-0.0005264199796126402
-0.0005614892966360857
-0.0005772548419979613
-0.0005608899082568807
-0.0005062059123343527
-0.0004276483180428134
-0.0003538623853211009
-0.0003031284403669725
-0.00026972375127421
-0.00023771865443425076
-0.00020227522935779816
-0.00017482670744138634
-0.00017014780835881754
-0.00019105300713557596
-0.00022741284403669725
-0.0002651060142711519
-0.0002895810397553517
-0.00028730784913353724
-0.0002518165137614679
-0.00018729255861365954
-0.00010554026503567788
-1.9556574923547403e-05
6.095514780835882e-05
0.00012921916411824669
0.00018147808358817533
0.0002208144750254842
0.0002569959225280326
0.00029635677879714576
0.00033275739041794085
0.00035136799184505606
0.00033797757390417944
0.0002861539245667686
0.0002015321100917431
0.0001053822629969419
3.5117227319062184e-05
2.7976554536187563e-05
9.29796126401631e-05
0.00020182262996941896
0.00030974515800203875
0.0003835117227319062
0.00041284505606523954
0.0004027716615698267
0.00036182161060142713
0.000299697247706422
0.00023214067278287461
0.000181131498470948
0.00016406218144750256
0.00018018042813455656
0.0002096401630988787
0.00022738124362895007
0.00021937003058103977
0.00019048012232415903
0.0001577533129459735
0.00013434454638124363
0.0001204230377166157
0.0001071855249745158
8.621916411824668e-05
5.468501529051988e-05
1.2707441386340469e-05
-4.143832823649338e-05
-0.0001098572884811417
-0.000190881753312946
-0.0002781885830784913
-0.00036188583078491335
-0.0004310662589194699
-0.00047731294597349645
-0.0004959469928644241
-0.00048553007135575943
-0.0004479520897043833
-0.00038890417940876657
-0.0003217461773700306
-0.0002698960244648318
-0.00025697859327217124
-0.00028697961264016313
-0.00033341488277268094
-0.0003528593272171254
-0.00031361264016309886
-0.00021607951070336392
-8.89979612640163e-05
3.260958205912334e-05
0.00012678491335372068
0.00018867278287461775
0.00022470846075433232
0.0002469062181447503
0.00026850050968399593
0.0002979643221202854
0.0003335739041794088
0.00036480632008154944
0.0003810632008154944
0.00037939857288481145
0.0003647441386340469
0.0003438593272171254
0.0003187461773700306
0.0002825117227319062
0.00021850050968399593
0.00011049337410805301
-3.559327217125382e-05
-0.00018281855249745158
-0.00028406218144750255
-0.00031363914373088684
-0.00028051885830784916
-0.00021225688073394494
-0.00012872375127421
-3.531396534148828e-05
6.198674821610601e-05
0.0001445158002038736
0.00019060346585117227
0.00019317737003058104
0.0001619571865443425
0.00011009887869520898
4.32059123343527e-05
-3.634352701325178e-05
-0.0001174658511722732
-0.00017913149847094802
-0.00020662589194699285
-0.0002095310907237513
-0.00021855759429153927
-0.0002594373088685015
-0.0003287247706422019
-0.0003936238532110092
-0.0004151039755351682
-0.0003722691131498471
-0.0002690203873598369
-0.00012661060142711518
2.5981651376146788e-05
0.00016109174311926605
0.00026157492354740065
0.00032548318042813456
0.0003633547400611621
0.00038882874617737
0.0004076401630988787
0.0004149418960244648
0.0004019683995922528
0.00036382161060142707
0.00030342507645259937
0.00023161365953109072
0.00016524668705402651
0.0001216177370030581
0.00010800713557594291
0.00011601019367991845
0.0001294678899082569
0.0001372487257900102
0.00013624566768603467
0.00012378185524974516
9.062589194699286e-05
2.5039755351681955e-05
-7.20499490316004e-05
-0.00017571355759429154
-0.00024717940876656475
-0.00026122426095820595
-0.0002258756371049949
-0.00017583995922528035
-0.0001423873598369011
-0.00012487257900101938
-9.269826707441387e-05
-1.8317023445463813e-05
9.183282364933741e-05
0.0002003465851172273
0.00027174413863404693
0.00029931906218144753
0.000300335372069317
0.00029262487257900103
0.00028143323139653414
0.0002677013251783894
0.0002613690112130479
0.00027740978593272173
0.00031769724770642203
0.00036329051987767585
0.0003880010193679918
0.00037717125382262994
0.00033411824668705403
0.0002734495412844037
0.00021001019367991846
0.0001497217125382263
8.825891946992866e-05
2.0009174311926605e-05
-5.1405708460754336e-05
-0.0001092670744138634
-0.00013044138634046891
-0.00010267380224260958
-3.736799184505607e-05
3.7037716615698264e-05
9.310907237512742e-05
0.0001166309887869521
0.00010787869520897044
7.837512742099897e-05
4.788481141692151e-05
3.93506625891947e-05
6.926095820591235e-05
0.00013855453618756368
0.0002313639143730887
0.0003242466870540265
0.0003991977573904179
0.0004488236493374108
0.0004712803261977574
0.0004644322120285423
0.00042782976554536187
0.0003678695208970438
0.0002967645259938838
0.00022566156982670743
0.0001570611620795107
8.117227319062182e-05
-1.727013251783894e-05
-0.0001422803261977574
-0.0002767777777777778
-0.0003938236493374108
-0.00047761671763506627
-0.0005317451580020388
-0.0005684638124362895
-0.0005929276248725791
-0.0005989357798165138
-0.0005795759429153924
-0.0005391284403669725
-0.0004905229357798166
-0.0004429683995922528
-0.0003956941896024465
-0.00034133639143730886
-0.00027157798165137613
-0.00018472986748216104
-9.45025484199796e-05
-2.9103975535168196e-05
-1.5672782874617738e-05
-6.212742099898063e-05
-0.00015341794087665646
-0.00026245056065239556
-0.0003613690112130479
-0.00042691539245667684
-0.00044392456676860346
-0.0004100825688073395
-0.0003387869520897044
-0.00025460754332313964
-0.00018239857288481143
-0.00013828338430173294
-0.00012897655453618755
-0.00015571355759429154
-0.00021385219164118247
-0.0002878501529051988
-0.00035411009174311927
-0.00039409174311926605
-0.00040156472986748213
-0.00037628746177370033
-0.00031717940876656477
-0.0002280091743119266
-0.0001275993883792049
-4.4586136595310905e-05
3.5392456676860345e-06
2.434046890927625e-05
4.2455657492354736e-05
7.985524974515801e-05
0.00014307135575942917
0.00022417533129459735
0.00030952803261977574
0.00038835677879714577
0.00045815494393476044
0.0005231559633027523
0.0005833710499490316
0.0006245606523955147
0.000623717635066259
0.0005699429153924566
0.0004804984709480122
0.00039309989806320084
0.00034088990825688077
0.000333737003058104
0.0003572966360856269
0.0003816330275229358
0.00037394801223241585
0.0003151396534148828
0.0002102079510703364
8.09367991845056e-05
-5.1120285423037715e-05
-0.00017268807339449542
-0.00027367889908256883
-0.0003410356778797146
-0.00036146177370030585
-0.0003333007135575943
-0.0002750061162079511
-0.00021499082568807341
-0.0001695045871559633
-0.00013353924566768605
-9.399286442405708e-05
-4.853109072375127e-05
-1.0722731906218146e-05
3.292558613659531e-06
-7.680937818552497e-06
-2.8297655453618756e-05
-4.2132517838939856e-05
-4.801529051987767e-05
-6.19571865443425e-05
-0.00010265443425076452
-0.00017501732925586137
-0.0002675392456676861
-0.0003618909276248726
-0.0004412120285423038
-0.0004905361875637105
-0.0004959500509683996
-0.00045018042813455656
-0.0003577533129459735
-0.0002306921508664628
-8.009887869520897e-05
8.523037716615698e-05
0.00025321508664627934
0.0004043588175331294
0.0005164576962283384
0.0005770530071355759
0.0005891518858307849
0.0005625606523955148
0.0005056534148827727
0.00042937206931702344
0.0003529816513761468
0.0002973527013251784
0.0002700366972477064
0.00026133639143730887
0.0002571416921508664
0.00025124260958205914
0.00024300203873598372
0.00022839653414882772
0.00019936799184505608
0.00015144954128440367
8.830173292558614e-05
1.8312945973496432e-05
-4.989704383282365e-05
-0.00010757594291539245
-0.0001455881753312946
-0.00015908460754332314
-0.00015428338430173292
-0.00014780530071355758
-0.00015397043832823652
-0.00017201834862385322
-0.00018984811416921507
-0.00019962691131498471
-0.00020475229357798166
-0.0002125932721712538
-0.00022489500509683996
-0.00023584403669724773
-0.00023690316004077472
-0.00022158919469928643
-0.00018783893985728847
-0.00013932110091743118
-8.629969418960244e-05
-4.411416921508665e-05
-2.6285423037716616e-05
-3.701019367991845e-05
-6.943730886850153e-05
-0.00010947910295616716
-0.00014407339449541283
-0.0001709500509683996
-0.00019925076452599388
-0.00023734250764525995
-0.00028272069317023446
0.0
0.0
0.0
0.0
0.0
0.0
0.0
0.0
0.0
0.0
0.0
0.0
0.0
0.0
0.0
0.0
0.0
0.0
0.0
0.0
0.0
0.0
0.0
0.0
0.0
0.0
0.0
0.0
0.0
0.0
0.0
0.0
0.0
0.0
0.0
0.0
0.0
0.0
0.0
0.0
0.0
0.0
0.0
0.0
0.0
0.0
0.0
0.0
0.0
0.0
0.0
0.0
0.0
0.0
0.0
0.0
0.0
0.0
0.0
0.0
0.0
0.0
0.0
0.0
0.0
0.0
0.0
0.0
0.0
0.0
0.0
0.0
0.0
0.0
0.0
0.0
0.0
0.0
0.0
0.0
0.0
0.0
0.0
0.0
0.0
0.0
0.0
0.0
0.0
0.0
0.0
0.0
0.0
0.0
0.0
0.0
0.0
0.0
0.0
0.0
0.0
0.0
0.0
0.0
0.0
0.0
0.0
0.0
0.0
0.0
0.0
0.0
0.0
0.0
0.0
0.0
0.0
0.0
0.0
0.0
0.0
0.0
0.0
0.0
0.0
0.0
0.0
0.0
0.0
0.0
0.0
0.0
0.0
0.0
0.0
0.0
0.0
0.0
0.0
0.0
0.0
0.0
0.0
0.0
0.0
0.0
0.0
0.0
0.0
0.0
0.0
0.0
0.0
0.0
0.0
0.0
0.0
0.0
0.0
0.0
0.0
0.0
0.0
0.0
0.0
0.0
0.0
0.0
0.0
0.0
0.0
0.0
0.0
0.0
0.0
0.0
0.0
0.0
0.0
0.0
0.0
0.0
0.0
0.0
0.0
0.0
0.0
0.0
0.0
0.0
0.0
0.0
0.0
0.0
0.0
0.0
0.0
0.0
0.0
0.0
0.0
0.0
0.0
0.0
0.0
0.0
0.0
0.0
0.0
0.0
0.0
0.0
0.0
0.0
0.0
0.0
0.0
0.0
0.0
0.0
0.0
0.0
0.0
0.0
0.0
0.0
0.0
0.0
0.0
0.0
0.0
0.0
0.0
0.0
0.0
0.0
0.0
0.0
0.0
0.0
0.0
0.0
0.0
0.0
0.0
0.0
0.0
0.0
0.0
0.0
0.0
0.0
0.0
0.0
0.0
0.0
0.0
0.0
0.0
0.0
0.0
0.0
0.0
0.0
0.0
0.0
0.0
0.0
0.0
0.0
0.0
0.0
0.0
0.0
0.0
0.0
0.0
0.0
0.0
0.0
0.0
0.0
0.0
0.0
0.0
0.0
0.0
0.0
0.0
0.0
0.0
0.0
0.0
0.0
0.0
0.0
0.0
0.0
0.0
0.0
0.0
0.0
0.0
0.0
0.0
0.0
0.0
0.0
0.0
0.0
0.0
0.0
0.0
0.0
0.0
0.0
0.0
0.0
0.0
0.0
0.0
0.0
0.0
0.0
0.0
0.0
0.0
0.0
0.0
0.0
0.0
0.0
0.0
0.0
0.0
0.0
0.0
0.0
0.0
0.0
0.0
0.0
0.0
0.0
0.0
0.0
0.0
0.0
0.0
0.0
0.0
0.0
0.0
0.0
0.0
0.0
0.0
0.0
0.0
0.0
0.0
0.0
0.0
0.0
0.0
0.0
0.0
0.0
0.0
0.0
0.0
0.0
0.0
0.0
0.0
0.0
0.0
0.0
0.0
0.0
0.0
0.0
0.0
0.0
0.0
0.0
0.0
0.0
0.0
0.0
0.0
0.0
0.0
0.0
0.0
0.0
0.0
0.0
0.0
0.0
0.0
0.0
0.0
0.0
0.0
0.0
0.0
0.0
0.0
0.0
0.0
0.0
0.0
0.0
0.0
0.0
0.0
0.0
0.0
0.0
0.0
0.0
0.0
0.0
0.0
0.0
0.0
0.0
0.0
0.0
0.0
0.0
0.0
0.0
0.0
0.0
0.0
0.0
0.0
0.0
0.0
0.0
0.0
0.0
0.0
0.0
0.0
0.0
0.0
0.0
0.0
0.0
0.0
0.0
0.0
0.0
0.0
0.0
0.0
0.0
0.0
0.0
0.0
0.0
0.0
0.0
0.0
0.0
0.0
0.0
0.0
0.0
0.0
0.0
0.0
0.0
0.0
0.0
0.0
0.0
0.0
0.0
0.0
0.0
0.0
0.0
0.0
0.0
0.0
0.0
0.0
0.0
0.0
0.0
0.0
0.0
0.0
0.0
0.0
0.0
0.0
0.0
0.0
0.0
0.0
0.0
0.0
0.0
0.0
0.0
0.0
0.0
0.0
0.0
0.0
0.0
0.0
0.0
0.0
0.0
0.0
0.0
0.0
0.0
0.0
0.0
0.0
0.0
0.0
0.0
0.0
0.0
0.0
0.0
0.0
0.0
0.0
0.0
0.0
0.0
0.0
0.0
0.0
0.0
0.0
0.0
0.0
0.0
0.0
0.0
0.0
0.0
0.0
0.0
0.0
0.0
0.0
0.0
0.0
0.0
0.0
0.0
0.0
0.0
0.0
0.0
0.0
0.0
0.0
0.0
0.0
0.0
0.0
0.0
0.0
0.0
0.0
0.0
0.0
0.0
0.0
0.0
0.0
0.0
0.0
0.0
0.0
0.0
0.0
0.0
0.0
0.0
0.0
0.0
0.0
0.0
0.0
0.0
0.0
0.0
0.0
0.0
0.0
0.0
0.0
0.0
0.0
0.0
0.0
0.0
0.0
0.0
0.0
0.0
0.0
0.0
0.0
0.0
0.0
0.0
0.0
0.0
0.0
0.0
0.0
0.0
0.0
0.0
0.0
0.0
0.0
0.0
0.0
0.0
0.0
0.0
0.0
0.0
0.0
0.0
0.0
0.0
0.0
0.0
0.0
0.0
0.0
0.0
0.0
0.0
0.0
0.0
0.0
0.0
0.0
0.0
0.0
0.0
0.0
0.0
0.0
0.0
0.0
0.0
0.0
0.0
0.0
0.0
0.0
0.0
0.0
0.0
0.0
0.0
0.0
0.0
0.0
0.0
0.0
0.0
0.0
0.0
0.0
0.0
0.0
0.0
0.0
0.0
0.0
0.0
0.0
0.0
0.0
0.0
0.0
0.0
0.0
0.0
0.0
0.0
0.0
0.0
0.0
0.0
0.0
0.0
0.0
0.0
0.0
0.0
0.0
0.0
0.0
0.0
0.0
0.0
0.0
0.0
0.0
0.0
0.0
0.0
0.0
0.0
0.0
0.0
0.0
0.0
0.0
0.0
0.0
0.0
0.0
0.0
0.0
0.0
0.0
0.0
0.0
0.0
0.0
0.0
0.0
0.0
0.0
0.0
0.0
0.0
0.0
0.0
0.0
0.0
0.0
0.0
0.0
0.0
0.0
0.0
0.0
0.0
0.0
0.0
0.0
0.0
0.0
0.0
0.0
0.0
0.0
0.0
0.0
0.0
0.0
0.0
0.0
0.0
0.0
0.0
0.0
0.0
0.0
0.0
0.0
0.0
0.0
0.0
0.0
0.0
0.0
0.0
0.0
0.0
0.0
0.0
0.0
0.0
0.0
0.0
0.0
0.0
0.0
0.0
0.0
0.0
0.0
0.0
0.0
0.0
0.0
0.0
0.0
0.0
0.0
0.0
0.0
0.0
0.0
0.0
0.0
0.0
0.0
0.0
0.0
0.0
0.0
0.0
0.0
0.0
0.0
0.0
0.0
0.0
0.0
0.0
0.0
0.0
0.0
0.0
0.0
0.0
0.0
0.0
0.0
0.0
0.0
0.0
0.0
0.0
0.0
0.0
0.0
0.0
0.0
0.0
0.0
0.0
0.0
0.0
0.0
0.0
0.0
0.0
0.0
0.0
0.0
0.0
0.0
0.0
0.0
0.0
0.0
0.0
0.0
0.0
0.0
0.0
0.0
0.0
0.0
0.0
0.0
0.0
0.0
0.0
0.0
0.0
0.0
0.0
0.0
0.0
0.0
0.0
0.0
0.0
0.0
0.0
0.0
0.0
0.0
0.0
0.0
0.0
0.0
0.0
0.0
0.0
0.0
0.0
0.0
0.0
0.0
0.0
0.0
0.0
0.0
0.0
0.0
0.0
0.0
0.0
0.0
0.0
0.0
0.0
0.0
0.0
0.0
0.0
0.0
0.0
0.0
0.0
0.0
0.0
0.0
0.0
0.0
0.0
0.0
0.0
0.0
0.0
0.0
0.0
0.0
0.0
0.0
0.0
0.0
0.0
0.0
0.0
0.0
0.0
0.0
0.0
0.0
0.0
0.0
0.0
0.0
0.0
0.0
0.0
0.0
0.0
0.0
0.0
0.0
0.0
0.0
0.0
0.0
0.0
0.0
0.0
0.0
0.0
0.0
0.0
0.0
0.0
0.0
0.0
0.0
0.0
0.0
0.0
0.0
0.0
0.0
0.0
0.0
0.0
0.0
0.0
0.0
0.0
0.0
0.0
